,article,timestamp,views
0,Mexico,2015070100,10186
1,Mexico,2015070200,10105
2,Mexico,2015070300,10694
3,Mexico,2015070400,9134
4,Mexico,2015070500,8956
5,Mexico,2015070600,10337
6,Mexico,2015070700,11102
7,Mexico,2015070800,10829
8,Mexico,2015070900,10311
9,Mexico,2015071000,10375
10,Mexico,2015071100,8909
11,Mexico,2015071200,13121
12,Mexico,2015071300,13620
13,Mexico,2015071400,13107
14,Mexico,2015071500,11245
15,Mexico,2015071600,10804
16,Mexico,2015071700,9549
17,Mexico,2015071800,8951
18,Mexico,2015071900,9181
19,Mexico,2015072000,10633
20,Mexico,2015072100,9718
21,Mexico,2015072200,10168
22,Mexico,2015072300,10605
23,Mexico,2015072400,9215
24,Mexico,2015072500,10030
25,Mexico,2015072600,9464
26,Mexico,2015072700,11537
27,Mexico,2015072800,14820
28,Mexico,2015072900,18715
29,Mexico,2015073000,9998
30,Mexico,2015073100,9549
31,Mexico,2015080100,8626
32,Mexico,2015080200,8882
33,Mexico,2015080300,9339
34,Mexico,2015080400,9503
35,Mexico,2015080500,9780
36,Mexico,2015080600,9738
37,Mexico,2015080700,9758
38,Mexico,2015080800,8718
39,Mexico,2015080900,9267
40,Mexico,2015081000,9525
41,Mexico,2015081100,9503
42,Mexico,2015081200,9544
43,Mexico,2015081300,9248
44,Mexico,2015081400,9570
45,Mexico,2015081500,9002
46,Mexico,2015081600,9520
47,Mexico,2015081700,10371
48,Mexico,2015081800,10057
49,Mexico,2015081900,9745
50,Mexico,2015082000,10439
51,Mexico,2015082100,9460
52,Mexico,2015082200,8074
53,Mexico,2015082300,8822
54,Mexico,2015082400,10101
55,Mexico,2015082500,11133
56,Mexico,2015082600,10820
57,Mexico,2015082700,11186
58,Mexico,2015082800,10113
59,Mexico,2015082900,8596
60,Mexico,2015083000,9879
61,Mexico,2015083100,10924
62,Mexico,2015090100,10896
63,Mexico,2015090200,11496
64,Mexico,2015090300,11520
65,Mexico,2015090400,10974
66,Mexico,2015090500,8782
67,Mexico,2015090600,9616
68,Mexico,2015090700,12983
69,Mexico,2015090800,12243
70,Mexico,2015090900,12182
71,Mexico,2015091000,11839
72,Mexico,2015091100,10529
73,Mexico,2015091200,8653
74,Mexico,2015091300,11781
75,Mexico,2015091400,13889
76,Mexico,2015091500,13877
77,Mexico,2015091600,17128
78,Mexico,2015091700,14293
79,Mexico,2015091800,11205
80,Mexico,2015091900,9269
81,Mexico,2015092000,9956
82,Mexico,2015092100,11816
83,Mexico,2015092200,12362
84,Mexico,2015092300,13631
85,Mexico,2015092400,12003
86,Mexico,2015092500,10496
87,Mexico,2015092600,8564
88,Mexico,2015092700,10066
89,Mexico,2015092800,13264
90,Mexico,2015092900,12288
91,Mexico,2015093000,11877
92,Mexico,2015100100,11080
93,Mexico,2015100200,10078
94,Mexico,2015100300,8079
95,Mexico,2015100400,9344
96,Mexico,2015100500,12006
97,Mexico,2015100600,12204
98,Mexico,2015100700,12033
99,Mexico,2015100800,12564
100,Mexico,2015100900,10175
101,Mexico,2015101000,8798
102,Mexico,2015101100,11188
103,Mexico,2015101200,11624
104,Mexico,2015101300,11750
105,Mexico,2015101400,12124
106,Mexico,2015101500,13328
107,Mexico,2015101600,10534
108,Mexico,2015101700,9006
109,Mexico,2015101800,10198
110,Mexico,2015101900,12113
111,Mexico,2015102000,11883
112,Mexico,2015102100,11807
113,Mexico,2015102200,12387
114,Mexico,2015102300,17940
115,Mexico,2015102400,15566
116,Mexico,2015102500,11388
117,Mexico,2015102600,12607
118,Mexico,2015102700,12066
119,Mexico,2015102800,12328
120,Mexico,2015102900,11659
121,Mexico,2015103000,9924
122,Mexico,2015103100,8395
123,Mexico,2015110100,14758
124,Mexico,2015110200,12336
125,Mexico,2015110300,11851
126,Mexico,2015110400,12094
127,Mexico,2015110500,11926
128,Mexico,2015110600,10773
129,Mexico,2015110700,8298
130,Mexico,2015110800,9725
131,Mexico,2015110900,11822
132,Mexico,2015111000,11778
133,Mexico,2015111100,10706
134,Mexico,2015111200,12320
135,Mexico,2015111300,11026
136,Mexico,2015111400,9168
137,Mexico,2015111500,10076
138,Mexico,2015111600,11853
139,Mexico,2015111700,13349
140,Mexico,2015111800,13375
141,Mexico,2015111900,14385
142,Mexico,2015112000,11868
143,Mexico,2015112100,8912
144,Mexico,2015112200,10330
145,Mexico,2015112300,11558
146,Mexico,2015112400,12747
147,Mexico,2015112500,9770
148,Mexico,2015112600,10766
149,Mexico,2015112700,8690
150,Mexico,2015112800,8163
151,Mexico,2015112900,9482
152,Mexico,2015113000,12597
153,Mexico,2015120100,11615
154,Mexico,2015120200,11043
155,Mexico,2015120300,11214
156,Mexico,2015120400,11073
157,Mexico,2015120500,7855
158,Mexico,2015120600,8876
159,Mexico,2015120700,11301
160,Mexico,2015120800,11421
161,Mexico,2015120900,11515
162,Mexico,2015121000,11293
163,Mexico,2015121100,11661
164,Mexico,2015121200,8372
165,Mexico,2015121300,8784
166,Mexico,2015121400,11264
167,Mexico,2015121500,10608
168,Mexico,2015121600,11497
169,Mexico,2015121700,12658
170,Mexico,2015121800,8761
171,Mexico,2015121900,7462
172,Mexico,2015122000,7902
173,Mexico,2015122100,9440
174,Mexico,2015122200,8758
175,Mexico,2015122300,7910
176,Mexico,2015122400,8801
177,Mexico,2015122500,6988
178,Mexico,2015122600,7347
179,Mexico,2015122700,8099
180,Mexico,2015122800,10057
181,Mexico,2015122900,8992
182,Mexico,2015123000,8816
183,Mexico,2015123100,7975
184,Mexico,2016010100,8310
185,Mexico,2016010200,9769
186,Mexico,2016010300,11231
187,Mexico,2016010400,10696
188,Mexico,2016010500,10881
189,Mexico,2016010600,11383
190,Mexico,2016010700,11483
191,Mexico,2016010800,12465
192,Mexico,2016010900,12878
193,Mexico,2016011000,13248
194,Mexico,2016011100,13289
195,Mexico,2016011200,12723
196,Mexico,2016011300,11714
197,Mexico,2016011400,11330
198,Mexico,2016011500,10908
199,Mexico,2016011600,8886
200,Mexico,2016011700,9949
201,Mexico,2016011800,10530
202,Mexico,2016011900,11789
203,Mexico,2016012000,11621
204,Mexico,2016012100,11252
205,Mexico,2016012200,10494
206,Mexico,2016012300,8992
207,Mexico,2016012400,9793
208,Mexico,2016012500,11303
209,Mexico,2016012600,11565
210,Mexico,2016012700,14087
211,Mexico,2016012800,13189
212,Mexico,2016012900,10703
213,Mexico,2016013000,8684
214,Mexico,2016013100,9998
215,Mexico,2016020100,11617
216,Mexico,2016020200,11319
217,Mexico,2016020300,11593
218,Mexico,2016020400,11140
219,Mexico,2016020500,10736
220,Mexico,2016020600,8645
221,Mexico,2016020700,9489
222,Mexico,2016020800,10702
223,Mexico,2016020900,11175
224,Mexico,2016021000,10887
225,Mexico,2016021100,11438
226,Mexico,2016021200,10253
227,Mexico,2016021300,10378
228,Mexico,2016021400,10272
229,Mexico,2016021500,11209
230,Mexico,2016021600,11691
231,Mexico,2016021700,11772
232,Mexico,2016021800,12073
233,Mexico,2016021900,11378
234,Mexico,2016022000,9250
235,Mexico,2016022100,10078
236,Mexico,2016022200,11882
237,Mexico,2016022300,11442
238,Mexico,2016022400,11791
239,Mexico,2016022500,11984
240,Mexico,2016022600,11908
241,Mexico,2016022700,9500
242,Mexico,2016022800,9929
243,Mexico,2016022900,11738
244,Mexico,2016030100,11390
245,Mexico,2016030200,12845
246,Mexico,2016030300,11976
247,Mexico,2016030400,10803
248,Mexico,2016030500,8829
249,Mexico,2016030600,9547
250,Mexico,2016030700,11309
251,Mexico,2016030800,11800
252,Mexico,2016030900,11111
253,Mexico,2016031000,11036
254,Mexico,2016031100,10578
255,Mexico,2016031200,8668
256,Mexico,2016031300,9148
257,Mexico,2016031400,11125
258,Mexico,2016031500,11129
259,Mexico,2016031600,11756
260,Mexico,2016031700,11212
261,Mexico,2016031800,10099
262,Mexico,2016031900,8436
263,Mexico,2016032000,9225
264,Mexico,2016032100,11539
265,Mexico,2016032200,12600
266,Mexico,2016032300,10763
267,Mexico,2016032400,10146
268,Mexico,2016032500,8883
269,Mexico,2016032600,8646
270,Mexico,2016032700,8697
271,Mexico,2016032800,10435
272,Mexico,2016032900,11115
273,Mexico,2016033000,11390
274,Mexico,2016033100,10551
275,Mexico,2016040100,10000
276,Mexico,2016040200,8194
277,Mexico,2016040300,8871
278,Mexico,2016040400,11661
279,Mexico,2016040500,11829
280,Mexico,2016040600,11517
281,Mexico,2016040700,11127
282,Mexico,2016040800,10626
283,Mexico,2016040900,8820
284,Mexico,2016041000,9612
285,Mexico,2016041100,11655
286,Mexico,2016041200,11889
287,Mexico,2016041300,11842
288,Mexico,2016041400,11444
289,Mexico,2016041500,10818
290,Mexico,2016041600,8374
291,Mexico,2016041700,9766
292,Mexico,2016041800,12117
293,Mexico,2016041900,11568
294,Mexico,2016042000,13262
295,Mexico,2016042100,12708
296,Mexico,2016042200,11145
297,Mexico,2016042300,10999
298,Mexico,2016042400,9417
299,Mexico,2016042500,13682
300,Mexico,2016042600,12952
301,Mexico,2016042700,11583
302,Mexico,2016042800,11407
303,Mexico,2016042900,10658
304,Mexico,2016043000,8660
305,Mexico,2016050100,10970
306,Mexico,2016050200,12158
307,Mexico,2016050300,12707
308,Mexico,2016050400,13299
309,Mexico,2016050500,19478
310,Mexico,2016050600,15574
311,Mexico,2016050700,9923
312,Mexico,2016050800,11217
313,Mexico,2016050900,12728
314,Mexico,2016051000,12623
315,Mexico,2016051100,12358
316,Mexico,2016051200,12666
317,Mexico,2016051300,10962
318,Mexico,2016051400,8286
319,Mexico,2016051500,9454
320,Mexico,2016051600,12326
321,Mexico,2016051700,12738
322,Mexico,2016051800,12166
323,Mexico,2016051900,14820
324,Mexico,2016052000,11280
325,Mexico,2016052100,10131
326,Mexico,2016052200,9221
327,Mexico,2016052300,12335
328,Mexico,2016052400,11566
329,Mexico,2016052500,12323
330,Mexico,2016052600,10752
331,Mexico,2016052700,9917
332,Mexico,2016052800,8049
333,Mexico,2016052900,8701
334,Mexico,2016053000,10558
335,Mexico,2016053100,10530
336,Mexico,2016060100,10751
337,Mexico,2016060200,10829
338,Mexico,2016060300,10149
339,Mexico,2016060400,9216
340,Mexico,2016060500,10714
341,Mexico,2016060600,13379
342,Mexico,2016060700,11767
343,Mexico,2016060800,11759
344,Mexico,2016060900,20381
345,Mexico,2016061000,14624
346,Mexico,2016061100,9785
347,Mexico,2016061200,10214
348,Mexico,2016061300,10826
349,Mexico,2016061400,11963
350,Mexico,2016061500,10735
351,Mexico,2016061600,10168
352,Mexico,2016061700,10345
353,Mexico,2016061800,10002
354,Mexico,2016061900,13406
355,Mexico,2016062000,10359
356,Mexico,2016062100,10402
357,Mexico,2016062200,10273
358,Mexico,2016062300,10691
359,Mexico,2016062400,9801
360,Mexico,2016062500,9004
361,Mexico,2016062600,9443
362,Mexico,2016062700,10383
363,Mexico,2016062800,10493
364,Mexico,2016062900,11538
365,Mexico,2016063000,10415
366,Mexico,2016070100,9467
367,Mexico,2016070200,8191
368,Mexico,2016070300,8269
369,Mexico,2016070400,10316
370,Mexico,2016070500,10701
371,Mexico,2016070600,10268
372,Mexico,2016070700,8962
373,Mexico,2016070800,8661
374,Mexico,2016070900,7781
375,Mexico,2016071000,9091
376,Mexico,2016071100,9294
377,Mexico,2016071200,8748
378,Mexico,2016071300,8688
379,Mexico,2016071400,8778
380,Mexico,2016071500,7834
381,Mexico,2016071600,7215
382,Mexico,2016071700,7853
383,Mexico,2016071800,8514
384,Mexico,2016071900,8497
385,Mexico,2016072000,8278
386,Mexico,2016072100,8369
387,Mexico,2016072200,8449
388,Mexico,2016072300,7170
389,Mexico,2016072400,7863
390,Mexico,2016072500,8534
391,Mexico,2016072600,8830
392,Mexico,2016072700,8648
393,Mexico,2016072800,8336
394,Mexico,2016072900,8031
395,Mexico,2016073000,8196
396,Mexico,2016073100,8100
397,Mexico,2016080100,8847
398,Mexico,2016080200,8773
399,Mexico,2016080300,8829
400,Mexico,2016080400,8844
401,Mexico,2016080500,8774
402,Mexico,2016080600,10350
403,Mexico,2016080700,9157
404,Mexico,2016080800,10003
405,Mexico,2016080900,9351
406,Mexico,2016081000,9248
407,Mexico,2016081100,9192
408,Mexico,2016081200,8367
409,Mexico,2016081300,8019
410,Mexico,2016081400,8263
411,Mexico,2016081500,9341
412,Mexico,2016081600,9302
413,Mexico,2016081700,9476
414,Mexico,2016081800,9327
415,Mexico,2016081900,9215
416,Mexico,2016082000,8342
417,Mexico,2016082100,8875
418,Mexico,2016082200,10176
419,Mexico,2016082300,9665
420,Mexico,2016082400,9590
421,Mexico,2016082500,9542
422,Mexico,2016082600,10719
423,Mexico,2016082700,7794
424,Mexico,2016082800,8916
425,Mexico,2016082900,11162
426,Mexico,2016083000,10207
427,Mexico,2016083100,17097
428,Mexico,2016090100,17404
429,Mexico,2016090200,11953
430,Mexico,2016090300,9304
431,Mexico,2016090400,9705
432,Mexico,2016090500,10713
433,Mexico,2016090600,11412
434,Mexico,2016090700,12160
435,Mexico,2016090800,11302
436,Mexico,2016090900,10351
437,Mexico,2016091000,8301
438,Mexico,2016091100,9189
439,Mexico,2016091200,11022
440,Mexico,2016091300,11215
441,Mexico,2016091400,11456
442,Mexico,2016091500,12657
443,Mexico,2016091600,14610
444,Mexico,2016091700,9024
445,Mexico,2016091800,9886
446,Mexico,2016091900,11961
447,Mexico,2016092000,11198
448,Mexico,2016092100,11248
449,Mexico,2016092200,12177
450,Mexico,2016092300,11175
451,Mexico,2016092400,8029
452,Mexico,2016092500,8805
453,Mexico,2016092600,11378
454,Mexico,2016092700,11802
455,Mexico,2016092800,11941
456,Mexico,2016092900,12997
457,Mexico,2016093000,10401
458,Mexico,2016100100,8267
459,Mexico,2016100200,9762
460,Mexico,2016100300,11011
461,Mexico,2016100400,11346
462,Mexico,2016100500,10874
463,Mexico,2016100600,10597
464,Mexico,2016100700,10059
465,Mexico,2016100800,8301
466,Mexico,2016100900,8982
467,Mexico,2016101000,10339
468,Mexico,2016101100,10858
469,Mexico,2016101200,11339
470,Mexico,2016101300,11162
471,Mexico,2016101400,9862
472,Mexico,2016101500,8031
473,Mexico,2016101600,9441
474,Mexico,2016101700,11368
475,Mexico,2016101800,11554
476,Mexico,2016101900,11264
477,Mexico,2016102000,11281
478,Mexico,2016102100,9952
479,Mexico,2016102200,7970
480,Mexico,2016102300,9370
481,Mexico,2016102400,11032
482,Mexico,2016102500,11212
483,Mexico,2016102600,11207
484,Mexico,2016102700,10870
485,Mexico,2016102800,9605
486,Mexico,2016102900,7880
487,Mexico,2016103000,10538
488,Mexico,2016103100,10860
489,Mexico,2016110100,10891
490,Mexico,2016110200,11581
491,Mexico,2016110300,10631
492,Mexico,2016110400,9924
493,Mexico,2016110500,8512
494,Mexico,2016110600,9589
495,Mexico,2016110700,11312
496,Mexico,2016110800,11612
497,Mexico,2016110900,17139
498,Mexico,2016111000,15710
499,Mexico,2016111100,13271
500,Mexico,2016111200,13076
501,Mexico,2016111300,12276
502,Mexico,2016111400,13951
503,Mexico,2016111500,13941
504,Mexico,2016111600,13601
505,Mexico,2016111700,12349
506,Mexico,2016111800,11083
507,Mexico,2016111900,9024
508,Mexico,2016112000,11759
509,Mexico,2016112100,11468
510,Mexico,2016112200,13016
511,Mexico,2016112300,9968
512,Mexico,2016112400,9599
513,Mexico,2016112500,9337
514,Mexico,2016112600,9691
515,Mexico,2016112700,10626
516,Mexico,2016112800,11587
517,Mexico,2016112900,11402
518,Mexico,2016113000,11459
519,Mexico,2016120100,10875
520,Mexico,2016120200,10381
521,Mexico,2016120300,8526
522,Mexico,2016120400,9512
523,Mexico,2016120500,11338
524,Mexico,2016120600,11099
525,Mexico,2016120700,11117
526,Mexico,2016120800,10569
527,Mexico,2016120900,11354
528,Mexico,2016121000,8161
529,Mexico,2016121100,8894
530,Mexico,2016121200,12075
531,Mexico,2016121300,10721
532,Mexico,2016121400,10510
533,Mexico,2016121500,9672
534,Mexico,2016121600,8739
535,Mexico,2016121700,7427
536,Mexico,2016121800,8281
537,Mexico,2016121900,9576
538,Mexico,2016122000,8919
539,Mexico,2016122100,10866
540,Mexico,2016122200,9166
541,Mexico,2016122300,7966
542,Mexico,2016122400,7359
543,Mexico,2016122500,7506
544,Mexico,2016122600,8087
545,Mexico,2016122700,8786
546,Mexico,2016122800,8962
547,Mexico,2016122900,8275
548,Mexico,2016123000,8193
549,Mexico,2016123100,7390
550,Mexico,2017010100,7477
551,Mexico,2017010200,9080
552,Mexico,2017010300,9796
553,Mexico,2017010400,11591
554,Mexico,2017010500,12392
555,Mexico,2017010600,11775
556,Mexico,2017010700,13224
557,Mexico,2017010800,52760
558,Mexico,2017010900,11798
559,Mexico,2017011000,12571
560,Mexico,2017011100,11531
561,Mexico,2017011200,12439
562,Mexico,2017011300,10917
563,Mexico,2017011400,9398
564,Mexico,2017011500,10121
565,Mexico,2017011600,11736
566,Mexico,2017011700,11539
567,Mexico,2017011800,11734
568,Mexico,2017011900,11737
569,Mexico,2017012000,11761
570,Mexico,2017012100,9563
571,Mexico,2017012200,10311
572,Mexico,2017012300,12549
573,Mexico,2017012400,13791
574,Mexico,2017012500,17665
575,Mexico,2017012600,41290
576,Mexico,2017012700,35039
577,Mexico,2017012800,20327
578,Mexico,2017012900,18323
579,Mexico,2017013000,16888
580,Mexico,2017013100,14916
581,Mexico,2017020100,13149
582,Mexico,2017020200,14717
583,Mexico,2017020300,13498
584,Mexico,2017020400,10695
585,Mexico,2017020500,11078
586,Mexico,2017020600,11815
587,Mexico,2017020700,12112
588,Mexico,2017020800,12721
589,Mexico,2017020900,14420
590,Mexico,2017021000,11100
591,Mexico,2017021100,10040
592,Mexico,2017021200,11045
593,Mexico,2017021300,12704
594,Mexico,2017021400,11591
595,Mexico,2017021500,11520
596,Mexico,2017021600,11575
597,Mexico,2017021700,10942
598,Mexico,2017021800,10151
599,Mexico,2017021900,11786
600,Mexico,2017022000,11456
601,Mexico,2017022100,12153
602,Mexico,2017022200,12688
603,Mexico,2017022300,13777
604,Mexico,2017022400,11787
605,Mexico,2017022500,10353
606,Mexico,2017022600,10453
607,Mexico,2017022700,11739
608,Mexico,2017022800,11916
609,Mexico,2017030100,11845
610,Mexico,2017030200,12013
611,Mexico,2017030300,11013
612,Mexico,2017030400,9381
613,Mexico,2017030500,10762
614,Mexico,2017030600,11926
615,Mexico,2017030700,11298
616,Mexico,2017030800,11261
617,Mexico,2017030900,11017
618,Mexico,2017031000,12713
619,Mexico,2017031100,9158
620,Mexico,2017031200,9934
621,Mexico,2017031300,11896
622,Mexico,2017031400,11535
623,Mexico,2017031500,10685
624,Mexico,2017031600,10580
625,Mexico,2017031700,9770
626,Mexico,2017031800,8545
627,Mexico,2017031900,9777
628,Mexico,2017032000,11180
629,Mexico,2017032100,10617
630,Mexico,2017032200,11135
631,Mexico,2017032300,11307
632,Mexico,2017032400,13584
633,Mexico,2017032500,9704
634,Mexico,2017032600,9369
635,Mexico,2017032700,11745
636,Mexico,2017032800,12622
637,Mexico,2017032900,13154
638,Mexico,2017033000,10938
639,Mexico,2017033100,9473
640,Mexico,2017040100,7871
641,Mexico,2017040200,8784
642,Mexico,2017040300,10618
643,Mexico,2017040400,10386
644,Mexico,2017040500,12126
645,Mexico,2017040600,10506
646,Mexico,2017040700,9419
647,Mexico,2017040800,8342
648,Mexico,2017040900,8463
649,Mexico,2017041000,10038
650,Mexico,2017041100,10093
651,Mexico,2017041200,9272
652,Mexico,2017041300,8960
653,Mexico,2017041400,8077
654,Mexico,2017041500,7621
655,Mexico,2017041600,8355
656,Mexico,2017041700,9421
657,Mexico,2017041800,10068
658,Mexico,2017041900,11457
659,Mexico,2017042000,10531
660,Mexico,2017042100,9217
661,Mexico,2017042200,7951
662,Mexico,2017042300,8893
663,Mexico,2017042400,10925
664,Mexico,2017042500,10872
665,Mexico,2017042600,11379
666,Mexico,2017042700,11070
667,Mexico,2017042800,9821
668,Mexico,2017042900,7711
669,Mexico,2017043000,8850
670,Mexico,2017050100,11008
671,Mexico,2017050200,11412
672,Mexico,2017050300,11818
673,Mexico,2017050400,12059
674,Mexico,2017050500,16224
675,Mexico,2017050600,13724
676,Mexico,2017050700,11446
677,Mexico,2017050800,11848
678,Mexico,2017050900,12777
679,Mexico,2017051000,11473
680,Mexico,2017051100,11626
681,Mexico,2017051200,10295
682,Mexico,2017051300,7942
683,Mexico,2017051400,8691
684,Mexico,2017051500,11169
685,Mexico,2017051600,11511
686,Mexico,2017051700,10865
687,Mexico,2017051800,11917
688,Mexico,2017051900,9762
689,Mexico,2017052000,9110
690,Mexico,2017052100,8897
691,Mexico,2017052200,10724
692,Mexico,2017052300,10167
693,Mexico,2017052400,11605
694,Mexico,2017052500,9741
695,Mexico,2017052600,8823
696,Mexico,2017052700,7891
697,Mexico,2017052800,8906
698,Mexico,2017052900,11027
699,Mexico,2017053000,10332
700,Mexico,2017053100,10855
701,Mexico,2017060100,11241
702,Mexico,2017060200,12156
703,Mexico,2017060300,8004
704,Mexico,2017060400,9692
705,Mexico,2017060500,9709
706,Mexico,2017060600,9321
707,Mexico,2017060700,9239
708,Mexico,2017060800,9549
709,Mexico,2017060900,11172
710,Mexico,2017061000,7773
711,Mexico,2017061100,10442
712,Mexico,2017061200,11608
713,Mexico,2017061300,9442
714,Mexico,2017061400,9238
715,Mexico,2017061500,8653
716,Mexico,2017061600,8479
717,Mexico,2017061700,7855
718,Mexico,2017061800,10999
719,Mexico,2017061900,10347
720,Mexico,2017062000,9550
721,Mexico,2017062100,11003
722,Mexico,2017062200,11261
723,Mexico,2017062300,8782
724,Mexico,2017062400,9185
725,Mexico,2017062500,8973
726,Mexico,2017062600,9351
727,Mexico,2017062700,8878
728,Mexico,2017062800,9642
729,Mexico,2017062900,12586
730,Mexico,2017063000,9014
731,Mexico,2017070100,8131
732,Mexico,2017070200,10571
733,Mexico,2017070300,9558
734,Mexico,2017070400,9517
735,Mexico,2017070500,9327
736,Mexico,2017070600,9423
737,Mexico,2017070700,9640
738,Mexico,2017070800,8989
739,Mexico,2017070900,9023
740,Mexico,2017071000,9782
741,Mexico,2017071100,9095
742,Mexico,2017071200,8860
743,Mexico,2017071300,9003
744,Mexico,2017071400,9322
745,Mexico,2017071500,7934
746,Mexico,2017071600,9823
747,Mexico,2017071700,9268
748,Mexico,2017071800,8360
749,Mexico,2017071900,8535
750,Mexico,2017072000,8332
751,Mexico,2017072100,8501
752,Mexico,2017072200,7595
753,Mexico,2017072300,8535
754,Mexico,2017072400,11512
755,Mexico,2017072500,10023
756,Mexico,2017072600,8606
757,Mexico,2017072700,8175
758,Mexico,2017072800,7676
759,Mexico,2017072900,7456
760,Mexico,2017073000,7755
761,Mexico,2017073100,8188
762,Mexico,2017080100,9735
763,Mexico,2017080200,11538
764,Mexico,2017080300,8879
765,Mexico,2017080400,8283
766,Mexico,2017080500,7382
767,Mexico,2017080600,7866
768,Mexico,2017080700,8817
769,Mexico,2017080800,8735
770,Mexico,2017080900,8221
771,Mexico,2017081000,8142
772,Mexico,2017081100,7713
773,Mexico,2017081200,6918
774,Mexico,2017081300,7423
775,Mexico,2017081400,7912
776,Mexico,2017081500,8149
777,Mexico,2017081600,10463
778,Mexico,2017081700,8697
779,Mexico,2017081800,9611
780,Mexico,2017081900,6986
781,Mexico,2017082000,7943
782,Mexico,2017082100,8779
783,Mexico,2017082200,9034
784,Mexico,2017082300,9426
785,Mexico,2017082400,11042
786,Mexico,2017082500,8620
787,Mexico,2017082600,7659
788,Mexico,2017082700,10018
789,Mexico,2017082800,9262
790,Mexico,2017082900,9480
791,Mexico,2017083000,9359
792,Mexico,2017083100,10891
793,Mexico,2017090100,8676
794,Mexico,2017090200,8230
795,Mexico,2017090300,8530
796,Mexico,2017090400,9788
797,Mexico,2017090500,10954
798,Mexico,2017090600,12241
799,Mexico,2017090700,11161
800,Mexico,2017090800,22797
801,Mexico,2017090900,14589
802,Mexico,2017091000,11684
803,Mexico,2017091100,11741
804,Mexico,2017091200,12981
805,Mexico,2017091300,11032
806,Mexico,2017091400,11156
807,Mexico,2017091500,12099
808,Mexico,2017091600,11569
809,Mexico,2017091700,11604
810,Mexico,2017091800,11337
811,Mexico,2017091900,17170
812,Mexico,2017092000,42665
813,Mexico,2017092100,23873
814,Mexico,2017092200,13742
815,Mexico,2017092300,11368
816,Mexico,2017092400,10624
817,Mexico,2017092500,11293
818,Mexico,2017092600,12422
819,Mexico,2017092700,12473
820,Mexico,2017092800,10676
821,Mexico,2017092900,9399
822,Mexico,2017093000,7645
823,Mexico,2017100100,8584
824,Mexico,2017100200,12066
825,Mexico,2017100300,10237
826,Mexico,2017100400,10741
827,Mexico,2017100500,10129
828,Mexico,2017100600,9414
829,Mexico,2017100700,8127
830,Mexico,2017100800,8320
831,Mexico,2017100900,10214
832,Mexico,2017101000,10181
833,Mexico,2017101100,13588
834,Mexico,2017101200,10222
835,Mexico,2017101300,10719
836,Mexico,2017101400,10805
837,Mexico,2017101500,8598
838,Mexico,2017101600,9862
839,Mexico,2017101700,9676
840,Mexico,2017101800,9535
841,Mexico,2017101900,9312
842,Mexico,2017102000,8806
843,Mexico,2017102100,7402
844,Mexico,2017102200,8189
845,Mexico,2017102300,10394
846,Mexico,2017102400,9718
847,Mexico,2017102500,11029
848,Mexico,2017102600,9466
849,Mexico,2017102700,9207
850,Mexico,2017102800,7855
851,Mexico,2017102900,8757
852,Mexico,2017103000,11355
853,Mexico,2017103100,8711
854,Mexico,2017110100,8781
855,Mexico,2017110200,9607
856,Mexico,2017110300,8863
857,Mexico,2017110400,7388
858,Mexico,2017110500,7906
859,Mexico,2017110600,9835
860,Mexico,2017110700,9414
861,Mexico,2017110800,9431
862,Mexico,2017110900,9185
863,Mexico,2017111000,8435
864,Mexico,2017111100,9238
865,Mexico,2017111200,8157
866,Mexico,2017111300,10055
867,Mexico,2017111400,10243
868,Mexico,2017111500,9910
869,Mexico,2017111600,11070
870,Mexico,2017111700,8055
871,Mexico,2017111800,7758
872,Mexico,2017111900,10392
873,Mexico,2017112000,11577
874,Mexico,2017112100,9152
875,Mexico,2017112200,8432
876,Mexico,2017112300,8482
877,Mexico,2017112400,7455
878,Mexico,2017112500,7149
879,Mexico,2017112600,10332
880,Mexico,2017112700,24129
881,Mexico,2017112800,9749
882,Mexico,2017112900,9102
883,Mexico,2017113000,8769
884,Mexico,2017120100,8609
885,Mexico,2017120200,6906
886,Mexico,2017120300,8061
887,Mexico,2017120400,9799
888,Mexico,2017120500,9629
889,Mexico,2017120600,9190
890,Mexico,2017120700,9212
891,Mexico,2017120800,8590
892,Mexico,2017120900,6965
893,Mexico,2017121000,8555
894,Mexico,2017121100,9190
895,Mexico,2017121200,9512
896,Mexico,2017121300,10548
897,Mexico,2017121400,8626
898,Mexico,2017121500,7841
899,Mexico,2017121600,6929
900,Mexico,2017121700,9048
901,Mexico,2017121800,8656
902,Mexico,2017121900,10286
903,Mexico,2017122000,8426
904,Mexico,2017122100,8507
905,Mexico,2017122200,8634
906,Mexico,2017122300,6862
907,Mexico,2017122400,6606
908,Mexico,2017122500,7055
909,Mexico,2017122600,7251
910,Mexico,2017122700,8277
911,Mexico,2017122800,8143
912,Mexico,2017122900,7414
913,Mexico,2017123000,7140
914,Mexico,2017123100,7106
915,Mexico,2018010100,8671
916,Mexico,2018010200,8835
917,Mexico,2018010300,8508
918,Mexico,2018010400,8408
919,Mexico,2018010500,8083
920,Mexico,2018010600,7888
921,Mexico,2018010700,8112
922,Mexico,2018010800,9413
923,Mexico,2018010900,9299
924,Mexico,2018011000,9809
925,Mexico,2018011100,12960
926,Mexico,2018011200,10150
927,Mexico,2018011300,8093
928,Mexico,2018011400,8611
929,Mexico,2018011500,9758
930,Mexico,2018011600,11093
931,Mexico,2018011700,10324
932,Mexico,2018011800,10309
933,Mexico,2018011900,9414
934,Mexico,2018012000,8357
935,Mexico,2018012100,9583
936,Mexico,2018012200,10673
937,Mexico,2018012300,10092
938,Mexico,2018012400,10353
939,Mexico,2018012500,9762
940,Mexico,2018012600,9299
941,Mexico,2018012700,8304
942,Mexico,2018012800,8924
943,Mexico,2018012900,10184
944,Mexico,2018013000,9867
945,Mexico,2018013100,9800
946,Mexico,2018020100,9570
947,Mexico,2018020200,9021
948,Mexico,2018020300,9635
949,Mexico,2018020400,8426
950,Mexico,2018020500,9399
951,Mexico,2018020600,9921
952,Mexico,2018020700,9666
953,Mexico,2018020800,9459
954,Mexico,2018020900,9059
955,Mexico,2018021000,8219
956,Mexico,2018021100,8636
957,Mexico,2018021200,9711
958,Mexico,2018021300,11008
959,Mexico,2018021400,8983
960,Mexico,2018021500,9306
961,Mexico,2018021600,8592
962,Mexico,2018021700,10872
963,Mexico,2018021800,9112
964,Mexico,2018021900,9757
965,Mexico,2018022000,10079
966,Mexico,2018022100,9837
967,Mexico,2018022200,9464
968,Mexico,2018022300,8940
969,Mexico,2018022400,7686
970,Mexico,2018022500,9565
971,Mexico,2018022600,10142
972,Mexico,2018022700,10026
973,Mexico,2018022800,9760
974,Mexico,2018030100,9646
975,Mexico,2018030200,8951
976,Mexico,2018030300,9824
977,Mexico,2018030400,9161
978,Mexico,2018030500,11025
979,Mexico,2018030600,10905
980,Mexico,2018030700,10075
981,Mexico,2018030800,11682
982,Mexico,2018030900,9447
983,Mexico,2018031000,9898
984,Mexico,2018031100,9402
985,Mexico,2018031200,10061
986,Mexico,2018031300,10179
987,Mexico,2018031400,10199
988,Mexico,2018031500,9604
989,Mexico,2018031600,9127
990,Mexico,2018031700,7666
991,Mexico,2018031800,8298
992,Mexico,2018031900,9753
993,Mexico,2018032000,9953
994,Mexico,2018032100,10120
995,Mexico,2018032200,9822
996,Mexico,2018032300,8962
997,Mexico,2018032400,8107
998,Mexico,2018032500,8447
999,Mexico,2018032600,9805
1000,Mexico,2018032700,9165
1001,Mexico,2018032800,9477
1002,Mexico,2018032900,9341
1003,Mexico,2018033000,8231
1004,Mexico,2018033100,7975
1005,Mexico,2018040100,8168
1006,Mexico,2018040200,9721
1007,Mexico,2018040300,9643
1008,Mexico,2018040400,10265
1009,Mexico,2018040500,9890
1010,Mexico,2018040600,9430
1011,Mexico,2018040700,8375
1012,Mexico,2018040800,11019
1013,Mexico,2018040900,10177
1014,Mexico,2018041000,10200
1015,Mexico,2018041100,10296
1016,Mexico,2018041200,10027
1017,Mexico,2018041300,9978
1018,Mexico,2018041400,8002
1019,Mexico,2018041500,12132
1020,Mexico,2018041600,10029
1021,Mexico,2018041700,10006
1022,Mexico,2018041800,9821
1023,Mexico,2018041900,9853
1024,Mexico,2018042000,8782
1025,Mexico,2018042100,7807
1026,Mexico,2018042200,8649
1027,Mexico,2018042300,10511
1028,Mexico,2018042400,10197
1029,Mexico,2018042500,11428
1030,Mexico,2018042600,9939
1031,Mexico,2018042700,8344
1032,Mexico,2018042800,6739
1033,Mexico,2018042900,7640
1034,Mexico,2018043000,10117
1035,Mexico,2018050100,10319
1036,Mexico,2018050200,10156
1037,Mexico,2018050300,10276
1038,Mexico,2018050400,12110
1039,Mexico,2018050500,10865
1040,Mexico,2018050600,9892
1041,Mexico,2018050700,10876
1042,Mexico,2018050800,10023
1043,Mexico,2018050900,9890
1044,Mexico,2018051000,9443
1045,Mexico,2018051100,9082
1046,Mexico,2018051200,7658
1047,Mexico,2018051300,8249
1048,Mexico,2018051400,11702
1049,Mexico,2018051500,10063
1050,Mexico,2018051600,10240
1051,Mexico,2018051700,10045
1052,Mexico,2018051800,9314
1053,Mexico,2018051900,7318
1054,Mexico,2018052000,9331
1055,Mexico,2018052100,10675
1056,Mexico,2018052200,10125
1057,Mexico,2018052300,9607
1058,Mexico,2018052400,9677
1059,Mexico,2018052500,9115
1060,Mexico,2018052600,7232
1061,Mexico,2018052700,8065
1062,Mexico,2018052800,8928
1063,Mexico,2018052900,10387
1064,Mexico,2018053000,10676
1065,Mexico,2018053100,9586
1066,Mexico,2018060100,8711
1067,Mexico,2018060200,8417
1068,Mexico,2018060300,9579
1069,Mexico,2018060400,11442
1070,Mexico,2018060500,10151
1071,Mexico,2018060600,10027
1072,Mexico,2018060700,24842
1073,Mexico,2018060800,9845
1074,Mexico,2018060900,8365
1075,Mexico,2018061000,10969
1076,Mexico,2018061100,10039
1077,Mexico,2018061200,10224
1078,Mexico,2018061300,13143
1079,Mexico,2018061400,12731
1080,Mexico,2018061500,10639
1081,Mexico,2018061600,10966
1082,Mexico,2018061700,49180
1083,Mexico,2018061800,23641
1084,Mexico,2018061900,16223
1085,Mexico,2018062000,14905
1086,Mexico,2018062100,14067
1087,Mexico,2018062200,13390
1088,Mexico,2018062300,28915
1089,Mexico,2018062400,17175
1090,Mexico,2018062500,16342
1091,Mexico,2018062600,14453
1092,Mexico,2018062700,20666
1093,Mexico,2018062800,15511
1094,Mexico,2018062900,14601
1095,Mexico,2018063000,15970
1096,Mexico,2018070100,20507
1097,Mexico,2018070200,59097
1098,Mexico,2018070300,21966
1099,Mexico,2018070400,16081
1100,Mexico,2018070500,14296
1101,Mexico,2018070600,13338
1102,Mexico,2018070700,12112
1103,Mexico,2018070800,12119
1104,Mexico,2018070900,13449
1105,Mexico,2018071000,10807
1106,Mexico,2018071100,11027
1107,Mexico,2018071200,10074
1108,Mexico,2018071300,9768
1109,Mexico,2018071400,9352
1110,Mexico,2018071500,12515
1111,Mexico,2018071600,10206
1112,Mexico,2018071700,9267
1113,Mexico,2018071800,9040
1114,Mexico,2018071900,10978
1115,Mexico,2018072000,8412
1116,Mexico,2018072100,8265
1117,Mexico,2018072200,9010
1118,Mexico,2018072300,10065
1119,Mexico,2018072400,8802
1120,Mexico,2018072500,9026
1121,Mexico,2018072600,8568
1122,Mexico,2018072700,8464
1123,Mexico,2018072800,8312
1124,Mexico,2018072900,9607
1125,Mexico,2018073000,9411
1126,Mexico,2018073100,9408
1127,Mexico,2018080100,11432
1128,Mexico,2018080200,8976
1129,Mexico,2018080300,9035
1130,Mexico,2018080400,8622
1131,Mexico,2018080500,8730
1132,Mexico,2018080600,8969
1133,Mexico,2018080700,9218
1134,Mexico,2018080800,8678
1135,Mexico,2018080900,9096
1136,Mexico,2018081000,8683
1137,Mexico,2018081100,7988
1138,Mexico,2018081200,8769
1139,Mexico,2018081300,9184
1140,Mexico,2018081400,9143
1141,Mexico,2018081500,8962
1142,Mexico,2018081600,9358
1143,Mexico,2018081700,8547
1144,Mexico,2018081800,7361
1145,Mexico,2018081900,8153
1146,Mexico,2018082000,9384
1147,Mexico,2018082100,10396
1148,Mexico,2018082200,11454
1149,Mexico,2018082300,10286
1150,Mexico,2018082400,10047
1151,Mexico,2018082500,8983
1152,Mexico,2018082600,10607
1153,Mexico,2018082700,11862
1154,Mexico,2018082800,11553
1155,Mexico,2018082900,11013
1156,Mexico,2018083000,12295
1157,Mexico,2018083100,10483
1158,Mexico,2018090100,10650
1159,Mexico,2018090200,9202
1160,Mexico,2018090300,10440
1161,Mexico,2018090400,10674
1162,Mexico,2018090500,10189
1163,Mexico,2018090600,10111
1164,Mexico,2018090700,10243
1165,Mexico,2018090800,9811
1166,Mexico,2018090900,9020
1167,Mexico,2018091000,10428
1168,Mexico,2018091100,10840
1169,Mexico,2018091200,12205
1170,Mexico,2018091300,10857
1171,Mexico,2018091400,12209
1172,Mexico,2018091500,9973
1173,Mexico,2018091600,17714
1174,Mexico,2018091700,12474
1175,Mexico,2018091800,11726
1176,Mexico,2018091900,11215
1177,Mexico,2018092000,11557
1178,Mexico,2018092100,12035
1179,Mexico,2018092200,8624
1180,Mexico,2018092300,9016
1181,Mexico,2018092400,10149
1182,Mexico,2018092500,10045
1183,Mexico,2018092600,10614
1184,Mexico,2018092700,11880
1185,Mexico,2018092800,9381
1186,Mexico,2018092900,7673
1187,Mexico,2018093000,8566
1188,Mexico,2018100100,11046
1189,Mexico,2018100200,14406
1190,Mexico,2018100300,10232
1191,Mexico,2018100400,9830
1192,Mexico,2018100500,9109
1193,Mexico,2018100600,8606
1194,Mexico,2018100700,8493
1195,Mexico,2018100800,9809
1196,Mexico,2018100900,10258
1197,Mexico,2018101000,9963
1198,Mexico,2018101100,10411
1199,Mexico,2018101200,13224
1200,Mexico,2018101300,7660
1201,Mexico,2018101400,8984
1202,Mexico,2018101500,10203
1203,Mexico,2018101600,10375
1204,Mexico,2018101700,10792
1205,Mexico,2018101800,10015
1206,Mexico,2018101900,9853
1207,Mexico,2018102000,8679
1208,Mexico,2018102100,9094
1209,Mexico,2018102200,12215
1210,Mexico,2018102300,11580
1211,Mexico,2018102400,12818
1212,Mexico,2018102500,9943
1213,Mexico,2018102600,9745
1214,Mexico,2018102700,10217
1215,Mexico,2018102800,10142
1216,Mexico,2018102900,11120
1217,Mexico,2018103000,10983
1218,Mexico,2018103100,13470
1219,Mexico,2018110100,10521
1220,Mexico,2018110200,10600
1221,Mexico,2018110300,8649
1222,Mexico,2018110400,9136
1223,Mexico,2018110500,10399
1224,Mexico,2018110600,9920
1225,Mexico,2018110700,9503
1226,Mexico,2018110800,9596
1227,Mexico,2018110900,9880
1228,Mexico,2018111000,7874
1229,Mexico,2018111100,8615
1230,Mexico,2018111200,9718
1231,Mexico,2018111300,12041
1232,Mexico,2018111400,10379
1233,Mexico,2018111500,9743
1234,Mexico,2018111600,9940
1235,Mexico,2018111700,10474
1236,Mexico,2018111800,12679
1237,Mexico,2018111900,13114
1238,Mexico,2018112000,13499
1239,Mexico,2018112100,10940
1240,Mexico,2018112200,10141
1241,Mexico,2018112300,9654
1242,Mexico,2018112400,12463
1243,Mexico,2018112500,13357
1244,Mexico,2018112600,13450
1245,Mexico,2018112700,12910
1246,Mexico,2018112800,12126
1247,Mexico,2018112900,11762
1248,Mexico,2018113000,11793
1249,Mexico,2018120100,13935
1250,Mexico,2018120200,13855
1251,Mexico,2018120300,13823
1252,Mexico,2018120400,12910
1253,Mexico,2018120500,11693
1254,Mexico,2018120600,11499
1255,Mexico,2018120700,9752
1256,Mexico,2018120800,12477
1257,Mexico,2018120900,11036
1258,Mexico,2018121000,11030
1259,Mexico,2018121100,12506
1260,Mexico,2018121200,10665
1261,Mexico,2018121300,12076
1262,Mexico,2018121400,9688
1263,Mexico,2018121500,9169
1264,Mexico,2018121600,9603
1265,Mexico,2018121700,11689
1266,Mexico,2018121800,9724
1267,Mexico,2018121900,9274
1268,Mexico,2018122000,10987
1269,Mexico,2018122100,8325
1270,Mexico,2018122200,7415
1271,Mexico,2018122300,9629
1272,Mexico,2018122400,7596
1273,Mexico,2018122500,8395
1274,Mexico,2018122600,8407
1275,Mexico,2018122700,8730
1276,Mexico,2018122800,8500
1277,Mexico,2018122900,8265
1278,Mexico,2018123000,8812
1279,Mexico,2018123100,8130
1280,Mexico,2019010100,10469
1281,Mexico,2019010200,10110
1282,Mexico,2019010300,9867
1283,Mexico,2019010400,9462
1284,Mexico,2019010500,9249
1285,Mexico,2019010600,9423
1286,Mexico,2019010700,12367
1287,Mexico,2019010800,10553
1288,Mexico,2019010900,11453
1289,Mexico,2019011000,11518
1290,Mexico,2019011100,11117
1291,Mexico,2019011200,9703
1292,Mexico,2019011300,11867
1293,Mexico,2019011400,11771
1294,Mexico,2019011500,10939
1295,Mexico,2019011600,11584
1296,Mexico,2019011700,10640
1297,Mexico,2019011800,9871
1298,Mexico,2019011900,10113
1299,Mexico,2019012000,11244
1300,Mexico,2019012100,10757
1301,Mexico,2019012200,11287
1302,Mexico,2019012300,10767
1303,Mexico,2019012400,11889
1304,Mexico,2019012500,10377
1305,Mexico,2019012600,9329
1306,Mexico,2019012700,11591
1307,Mexico,2019012800,10723
1308,Mexico,2019012900,10455
1309,Mexico,2019013000,10074
1310,Mexico,2019013100,9815
1311,Mexico,2019020100,9693
1312,Mexico,2019020200,8360
1313,Mexico,2019020300,9342
1314,Mexico,2019020400,10217
1315,Mexico,2019020500,9757
1316,Mexico,2019020600,10138
1317,Mexico,2019020700,9743
1318,Mexico,2019020800,9313
1319,Mexico,2019020900,10037
1320,Mexico,2019021000,9169
1321,Mexico,2019021100,10003
1322,Mexico,2019021200,10355
1323,Mexico,2019021300,10442
1324,Mexico,2019021400,9240
1325,Mexico,2019021500,9572
1326,Mexico,2019021600,8613
1327,Mexico,2019021700,9257
1328,Mexico,2019021800,9742
1329,Mexico,2019021900,9983
1330,Mexico,2019022000,9660
1331,Mexico,2019022100,9530
1332,Mexico,2019022200,8897
1333,Mexico,2019022300,9023
1334,Mexico,2019022400,9688
1335,Mexico,2019022500,10883
1336,Mexico,2019022600,10029
1337,Mexico,2019022700,10659
1338,Mexico,2019022800,9205
1339,Mexico,2019030100,10703
1340,Mexico,2019030200,10026
1341,Mexico,2019030300,8877
1342,Mexico,2019030400,9737
1343,Mexico,2019030500,11278
1344,Mexico,2019030600,9692
1345,Mexico,2019030700,9867
1346,Mexico,2019030800,10571
1347,Mexico,2019030900,7836
1348,Mexico,2019031000,8679
1349,Mexico,2019031100,9498
1350,Mexico,2019031200,9433
1351,Mexico,2019031300,9142
1352,Mexico,2019031400,8986
1353,Mexico,2019031500,8313
1354,Mexico,2019031600,7509
1355,Mexico,2019031700,7892
1356,Mexico,2019031800,10456
1357,Mexico,2019031900,11302
1358,Mexico,2019032000,9553
1359,Mexico,2019032100,9179
1360,Mexico,2019032200,10728
1361,Mexico,2019032300,11075
1362,Mexico,2019032400,10035
1363,Mexico,2019032500,9294
1364,Mexico,2019032600,10129
1365,Mexico,2019032700,11237
1366,Mexico,2019032800,9686
1367,Mexico,2019032900,8912
1368,Mexico,2019033000,8063
1369,Mexico,2019033100,9359
1370,Mexico,2019040100,10361
1371,Mexico,2019040200,9992
1372,Mexico,2019040300,11443
1373,Mexico,2019040400,11373
1374,Mexico,2019040500,10455
1375,Mexico,2019040600,7875
1376,Mexico,2019040700,11684
1377,Mexico,2019040800,11272
1378,Mexico,2019040900,9158
1379,Mexico,2019041000,9026
1380,Mexico,2019041100,8813
1381,Mexico,2019041200,8562
1382,Mexico,2019041300,9161
1383,Mexico,2019041400,8254
1384,Mexico,2019041500,9884
1385,Mexico,2019041600,8892
1386,Mexico,2019041700,10405
1387,Mexico,2019041800,8424
1388,Mexico,2019041900,7488
1389,Mexico,2019042000,7271
1390,Mexico,2019042100,9776
1391,Mexico,2019042200,8843
1392,Mexico,2019042300,9282
1393,Mexico,2019042400,9036
1394,Mexico,2019042500,10693
1395,Mexico,2019042600,8248
1396,Mexico,2019042700,8604
1397,Mexico,2019042800,9384
1398,Mexico,2019042900,9021
1399,Mexico,2019043000,9410
1400,Mexico,2019050100,11244
1401,Mexico,2019050200,9698
1402,Mexico,2019050300,9859
1403,Mexico,2019050400,7895
1404,Mexico,2019050500,13471
1405,Mexico,2019050600,10914
1406,Mexico,2019050700,9457
1407,Mexico,2019050800,9162
1408,Mexico,2019050900,9307
1409,Mexico,2019051000,8946
1410,Mexico,2019051100,7552
1411,Mexico,2019051200,8014
1412,Mexico,2019051300,8903
1413,Mexico,2019051400,13074
1414,Mexico,2019051500,10235
1415,Mexico,2019051600,9594
1416,Mexico,2019051700,8612
1417,Mexico,2019051800,7215
1418,Mexico,2019051900,7842
1419,Mexico,2019052000,9245
1420,Mexico,2019052100,9599
1421,Mexico,2019052200,9765
1422,Mexico,2019052300,13175
1423,Mexico,2019052400,8648
1424,Mexico,2019052500,7353
1425,Mexico,2019052600,7953
1426,Mexico,2019052700,8776
1427,Mexico,2019052800,11299
1428,Mexico,2019052900,9177
1429,Mexico,2019053000,8890
1430,Mexico,2019053100,10015
1431,Mexico,2019060100,9764
1432,Mexico,2019060200,9735
1433,Mexico,2019060300,10752
1434,Mexico,2019060400,9453
1435,Mexico,2019060500,9550
1436,Mexico,2019060600,10397
1437,Mexico,2019060700,8967
1438,Mexico,2019060800,11298
1439,Mexico,2019060900,10038
1440,Mexico,2019061000,12468
1441,Mexico,2019061100,9420
1442,Mexico,2019061200,9261
1443,Mexico,2019061300,8797
1444,Mexico,2019061400,8296
1445,Mexico,2019061500,8024
1446,Mexico,2019061600,9928
1447,Mexico,2019061700,10718
1448,Mexico,2019061800,9425
1449,Mexico,2019061900,9106
1450,Mexico,2019062000,10536
1451,Mexico,2019062100,8136
1452,Mexico,2019062200,7471
1453,Mexico,2019062300,8571
1454,Mexico,2019062400,10735
1455,Mexico,2019062500,8774
1456,Mexico,2019062600,9207
1457,Mexico,2019062700,9238
1458,Mexico,2019062800,8551
1459,Mexico,2019062900,8568
1460,Mexico,2019063000,12263
1461,Mexico,2019070100,9527
1462,Mexico,2019070200,9492
1463,Mexico,2019070300,12105
1464,Mexico,2019070400,10667
1465,Mexico,2019070500,9963
1466,Mexico,2019070600,8302
1467,Mexico,2019070700,12361
1468,Mexico,2019070800,15394
1469,Mexico,2019070900,8450
1470,Mexico,2019071000,8258
1471,Mexico,2019071100,7846
1472,Mexico,2019071200,8141
1473,Mexico,2019071300,8219
1474,Mexico,2019071400,8606
1475,Mexico,2019071500,8648
1476,Mexico,2019071600,8396
1477,Mexico,2019071700,8389
1478,Mexico,2019071800,8211
1479,Mexico,2019071900,7766
1480,Mexico,2019072000,7699
1481,Mexico,2019072100,8942
1482,Mexico,2019072200,8989
1483,Mexico,2019072300,8668
1484,Mexico,2019072400,8638
1485,Mexico,2019072500,10994
1486,Mexico,2019072600,8161
1487,Mexico,2019072700,10058
1488,Mexico,2019072800,8626
1489,Mexico,2019072900,8871
1490,Mexico,2019073000,9522
1491,Mexico,2019073100,8532
1492,Mexico,2019080100,8292
1493,Mexico,2019080200,8351
1494,Mexico,2019080300,7649
1495,Mexico,2019080400,11344
1496,Mexico,2019080500,9496
1497,Mexico,2019080600,9222
1498,Mexico,2019080700,8807
1499,Mexico,2019080800,9163
1500,Mexico,2019080900,8822
1501,Mexico,2019081000,7974
1502,Mexico,2019081100,9604
1503,Mexico,2019081200,8860
1504,Mexico,2019081300,8539
1505,Mexico,2019081400,8146
1506,Mexico,2019081500,8785
1507,Mexico,2019081600,10351
1508,Mexico,2019081700,7429
1509,Mexico,2019081800,7722
1510,Mexico,2019081900,9367
1511,Mexico,2019082000,8698
1512,Mexico,2019082100,11319
1513,Mexico,2019082200,11584
1514,Mexico,2019082300,8180
1515,Mexico,2019082400,7275
1516,Mexico,2019082500,8188
1517,Mexico,2019082600,8751
1518,Mexico,2019082700,8917
1519,Mexico,2019082800,11163
1520,Mexico,2019082900,9804
1521,Mexico,2019083000,8784
1522,Mexico,2019083100,8167
1523,Mexico,2019090100,7947
1524,Mexico,2019090200,8281
1525,Mexico,2019090300,9245
1526,Mexico,2019090400,9528
1527,Mexico,2019090500,11711
1528,Mexico,2019090600,9812
1529,Mexico,2019090700,9916
1530,Mexico,2019090800,8476
1531,Mexico,2019090900,9874
1532,Mexico,2019091000,10839
1533,Mexico,2019091100,12531
1534,Mexico,2019091200,11059
1535,Mexico,2019091300,10026
1536,Mexico,2019091400,8212
1537,Mexico,2019091500,11536
1538,Mexico,2019091600,14869
1539,Mexico,2019091700,11876
1540,Mexico,2019091800,11754
1541,Mexico,2019091900,12185
1542,Mexico,2019092000,9868
1543,Mexico,2019092100,8487
1544,Mexico,2019092200,9510
1545,Mexico,2019092300,10670
1546,Mexico,2019092400,10262
1547,Mexico,2019092500,10725
1548,Mexico,2019092600,10385
1549,Mexico,2019092700,9726
1550,Mexico,2019092800,8260
1551,Mexico,2019092900,9983
1552,Mexico,2019093000,10318
1553,Mexico,2019100100,10220
1554,Mexico,2019100200,12736
1555,Mexico,2019100300,10965
1556,Mexico,2019100400,9478
1557,Mexico,2019100500,9491
1558,Mexico,2019100600,8695
1559,Mexico,2019100700,10600
1560,Mexico,2019100800,13112
1561,Mexico,2019100900,10597
1562,Mexico,2019101000,10337
1563,Mexico,2019101100,9486
1564,Mexico,2019101200,10598
1565,Mexico,2019101300,10658
1566,Mexico,2019101400,11817
1567,Mexico,2019101500,10854
1568,Mexico,2019101600,10997
1569,Mexico,2019101700,12770
1570,Mexico,2019101800,12663
1571,Mexico,2019101900,10106
1572,Mexico,2019102000,10306
1573,Mexico,2019102100,12616
1574,Mexico,2019102200,10784
1575,Mexico,2019102300,10284
1576,Mexico,2019102400,12160
1577,Mexico,2019102500,9297
1578,Mexico,2019102600,8242
1579,Mexico,2019102700,9389
1580,Mexico,2019102800,9914
1581,Mexico,2019102900,9595
1582,Mexico,2019103000,11166
1583,Mexico,2019103100,8972
1584,Mexico,2019110100,8610
1585,Mexico,2019110200,8420
1586,Mexico,2019110300,10276
1587,Mexico,2019110400,9972
1588,Mexico,2019110500,11623
1589,Mexico,2019110600,12343
1590,Mexico,2019110700,11381
1591,Mexico,2019110800,10160
1592,Mexico,2019110900,8668
1593,Mexico,2019111000,8926
1594,Mexico,2019111100,10665
1595,Mexico,2019111200,11927
1596,Mexico,2019111300,11201
1597,Mexico,2019111400,10178
1598,Mexico,2019111500,9182
1599,Mexico,2019111600,8293
1600,Mexico,2019111700,8677
1601,Mexico,2019111800,9872
1602,Mexico,2019111900,11140
1603,Mexico,2019112000,10464
1604,Mexico,2019112100,9660
1605,Mexico,2019112200,9172
1606,Mexico,2019112300,9968
1607,Mexico,2019112400,8982
1608,Mexico,2019112500,9553
1609,Mexico,2019112600,9112
1610,Mexico,2019112700,9173
1611,Mexico,2019112800,8446
1612,Mexico,2019112900,10168
1613,Mexico,2019113000,7909
1614,Mexico,2019120100,8942
1615,Mexico,2019120200,10252
1616,Mexico,2019120300,9816
1617,Mexico,2019120400,9557
1618,Mexico,2019120500,9510
1619,Mexico,2019120600,9041
1620,Mexico,2019120700,8493
1621,Mexico,2019120800,8492
1622,Mexico,2019120900,10968
1623,Mexico,2019121000,10362
1624,Mexico,2019121100,9875
1625,Mexico,2019121200,9862
1626,Mexico,2019121300,9785
1627,Mexico,2019121400,8176
1628,Mexico,2019121500,8757
1629,Mexico,2019121600,9797
1630,Mexico,2019121700,9798
1631,Mexico,2019121800,10012
1632,Mexico,2019121900,8852
1633,Mexico,2019122000,7610
1634,Mexico,2019122100,7145
1635,Mexico,2019122200,7569
1636,Mexico,2019122300,7401
1637,Mexico,2019122400,7280
1638,Mexico,2019122500,7155
1639,Mexico,2019122600,7789
1640,Mexico,2019122700,8351
1641,Mexico,2019122800,8180
1642,Mexico,2019122900,8430
1643,Mexico,2019123000,8346
1644,Mexico,2019123100,7652
1645,Mexico,2020010100,7720
1646,Mexico,2020010200,10284
1647,Mexico,2020010300,9316
1648,Mexico,2020010400,8615
1649,Mexico,2020010500,8868
1650,Mexico,2020010600,9245
1651,Mexico,2020010700,10147
1652,Mexico,2020010800,9823
1653,Mexico,2020010900,10152
1654,Mexico,2020011000,10461
1655,Mexico,2020011100,8570
1656,Mexico,2020011200,9625
1657,Mexico,2020011300,10176
1658,Mexico,2020011400,10085
1659,Mexico,2020011500,9843
1660,Mexico,2020011600,10184
1661,Mexico,2020011700,9737
1662,Mexico,2020011800,8070
1663,Mexico,2020011900,9160
1664,Mexico,2020012000,9455
1665,Mexico,2020012100,10594
1666,Mexico,2020012200,10118
1667,Mexico,2020012300,10278
1668,Mexico,2020012400,9416
1669,Mexico,2020012500,7954
1670,Mexico,2020012600,8293
1671,Mexico,2020012700,9489
1672,Mexico,2020012800,10305
1673,Mexico,2020012900,9928
1674,Mexico,2020013000,10466
1675,Mexico,2020013100,9741
1676,Mexico,2020020100,8845
1677,Mexico,2020020200,9764
1678,Mexico,2020020300,9569
1679,Mexico,2020020400,9655
1680,Mexico,2020020500,9427
1681,Mexico,2020020600,9577
1682,Mexico,2020020700,8986
1683,Mexico,2020020800,7744
1684,Mexico,2020020900,8592
1685,Mexico,2020021000,9720
1686,Mexico,2020021100,9750
1687,Mexico,2020021200,9324
1688,Mexico,2020021300,9951
1689,Mexico,2020021400,10375
1690,Mexico,2020021500,11868
1691,Mexico,2020021600,54905
1692,Mexico,2020021700,14298
1693,Mexico,2020021800,13216
1694,Mexico,2020021900,13607
1695,Mexico,2020022000,15164
1696,Mexico,2020022100,12088
1697,Mexico,2020022200,10824
1698,Mexico,2020022300,11080
1699,Mexico,2020022400,11674
1700,Mexico,2020022500,12081
1701,Mexico,2020022600,12448
1702,Mexico,2020022700,11761
1703,Mexico,2020022800,12631
1704,Mexico,2020022900,11601
1705,Mexico,2020030100,9789
1706,Mexico,2020030200,10480
1707,Mexico,2020030300,10109
1708,Mexico,2020030400,11004
1709,Mexico,2020030500,10227
1710,Mexico,2020030600,9781
1711,Mexico,2020030700,8749
1712,Mexico,2020030800,9611
1713,Mexico,2020030900,10739
1714,Mexico,2020031000,9990
1715,Mexico,2020031100,9777
1716,Mexico,2020031200,9356
1717,Mexico,2020031300,8618
1718,Mexico,2020031400,10399
1719,Mexico,2020031500,9374
1720,Mexico,2020031600,8827
1721,Mexico,2020031700,10228
1722,Mexico,2020031800,9587
1723,Mexico,2020031900,9030
1724,Mexico,2020032000,8982
1725,Mexico,2020032100,9046
1726,Mexico,2020032200,9626
1727,Mexico,2020032300,10149
1728,Mexico,2020032400,10624
1729,Mexico,2020032500,10574
1730,Mexico,2020032600,11246
1731,Mexico,2020032700,11038
1732,Mexico,2020032800,10742
1733,Mexico,2020032900,11471
1734,Mexico,2020033000,11716
1735,Mexico,2020033100,11870
1736,Mexico,2020040100,11384
1737,Mexico,2020040200,11560
1738,Mexico,2020040300,11443
1739,Mexico,2020040400,11389
1740,Mexico,2020040500,11973
1741,Mexico,2020040600,11639
1742,Mexico,2020040700,10754
1743,Mexico,2020040800,10973
1744,Mexico,2020040900,11439
1745,Mexico,2020041000,11706
1746,Mexico,2020041100,12382
1747,Mexico,2020041200,12290
1748,Mexico,2020041300,12232
1749,Mexico,2020041400,11377
1750,Mexico,2020041500,11967
1751,Mexico,2020041600,11707
1752,Mexico,2020041700,12154
1753,Mexico,2020041800,12662
1754,Mexico,2020041900,13110
1755,Mexico,2020042000,12609
1756,Mexico,2020042100,12649
1757,Mexico,2020042200,11745
1758,Mexico,2020042300,11406
1759,Mexico,2020042400,11319
1760,Mexico,2020042500,11546
1761,Mexico,2020042600,11434
1762,Mexico,2020042700,11768
1763,Mexico,2020042800,11672
1764,Mexico,2020042900,11478
1765,Mexico,2020043000,11076
1766,Mexico,2020050100,11189
1767,Mexico,2020050200,11035
1768,Mexico,2020050300,11028
1769,Mexico,2020050400,11817
1770,Mexico,2020050500,15248
1771,Mexico,2020050600,13128
1772,Mexico,2020050700,10997
1773,Mexico,2020050800,10410
1774,Mexico,2020050900,10308
1775,Mexico,2020051000,10121
1776,Mexico,2020051100,10518
1777,Mexico,2020051200,10400
1778,Mexico,2020051300,11047
1779,Mexico,2020051400,10487
1780,Mexico,2020051500,10316
1781,Mexico,2020051600,9385
1782,Mexico,2020051700,9689
1783,Mexico,2020051800,10404
1784,Mexico,2020051900,9519
1785,Mexico,2020052000,9658
1786,Mexico,2020052100,9538
1787,Mexico,2020052200,9936
1788,Mexico,2020052300,9006
1789,Mexico,2020052400,8890
1790,Mexico,2020052500,9696
1791,Mexico,2020052600,9873
1792,Mexico,2020052700,9238
1793,Mexico,2020052800,9379
1794,Mexico,2020052900,9011
1795,Mexico,2020053000,8467
1796,Mexico,2020053100,8763
1797,Mexico,2020060100,8744
1798,Mexico,2020060200,8604
1799,Mexico,2020060300,8829
1800,Mexico,2020060400,9464
1801,Mexico,2020060500,9566
1802,Mexico,2020060600,8954
1803,Mexico,2020060700,8734
1804,Mexico,2020060800,9047
1805,Mexico,2020060900,8711
1806,Mexico,2020061000,8904
1807,Mexico,2020061100,8945
1808,Mexico,2020061200,8791
1809,Mexico,2020061300,8353
1810,Mexico,2020061400,8608
1811,Mexico,2020061500,8736
1812,Mexico,2020061600,8518
1813,Mexico,2020061700,9115
1814,Mexico,2020061800,8889
1815,Mexico,2020061900,9196
1816,Mexico,2020062000,8144
1817,Mexico,2020062100,8432
1818,Mexico,2020062200,9064
1819,Mexico,2020062300,12206
1820,Mexico,2020062400,19218
1821,Mexico,2020062500,8713
1822,Mexico,2020062600,8137
1823,Mexico,2020062700,8331
1824,Mexico,2020062800,8818
1825,Mexico,2020062900,8250
1826,Mexico,2020063000,8543
1827,Mexico,2020070100,7931
1828,Mexico,2020070200,8400
1829,Mexico,2020070300,7921
1830,Mexico,2020070400,8358
1831,Mexico,2020070500,8641
1832,Mexico,2020070600,8512
1833,Mexico,2020070700,8815
1834,Mexico,2020070800,10094
1835,Mexico,2020070900,9175
1836,Mexico,2020071000,8327
1837,Mexico,2020071100,7819
1838,Mexico,2020071200,8265
1839,Mexico,2020071300,8465
1840,Mexico,2020071400,8377
1841,Mexico,2020071500,7990
1842,Mexico,2020071600,7900
1843,Mexico,2020071700,7873
1844,Mexico,2020071800,8311
1845,Mexico,2020071900,8586
1846,Mexico,2020072000,8945
1847,Mexico,2020072100,8470
1848,Mexico,2020072200,8783
1849,Mexico,2020072300,8400
1850,Mexico,2020072400,8132
1851,Mexico,2020072500,8246
1852,Mexico,2020072600,8656
1853,Mexico,2020072700,8965
1854,Mexico,2020072800,8438
1855,Mexico,2020072900,7982
1856,Mexico,2020073000,8131
1857,Mexico,2020073100,7828
1858,Mexico,2020080100,8472
1859,Mexico,2020080200,8384
1860,Mexico,2020080300,8343
1861,Mexico,2020080400,7843
1862,Mexico,2020080500,7881
1863,Mexico,2020080600,8099
1864,Mexico,2020080700,7855
1865,Mexico,2020080800,7782
1866,Mexico,2020080900,8169
1867,Mexico,2020081000,8310
1868,Mexico,2020081100,8463
1869,Mexico,2020081200,8003
1870,Mexico,2020081300,8610
1871,Mexico,2020081400,8038
1872,Mexico,2020081500,7567
1873,Mexico,2020081600,7667
1874,Mexico,2020081700,8405
1875,Mexico,2020081800,8422
1876,Mexico,2020081900,8402
1877,Mexico,2020082000,8334
1878,Mexico,2020082100,8665
1879,Mexico,2020082200,7502
1880,Mexico,2020082300,8158
1881,Mexico,2020082400,8606
1882,Mexico,2020082500,8438
1883,Mexico,2020082600,8582
1884,Mexico,2020082700,8416
1885,Mexico,2020082800,8409
1886,Mexico,2020082900,7605
1887,Mexico,2020083000,7919
1888,Mexico,2020083100,9011
1889,Mexico,2020090100,8720
1890,Mexico,2020090200,8739
1891,Mexico,2020090300,8521
1892,Mexico,2020090400,8246
1893,Mexico,2020090500,7500
1894,Mexico,2020090600,7998
1895,Mexico,2020090700,8403
1896,Mexico,2020090800,9108
1897,Mexico,2020090900,9254
1898,Mexico,2020091000,9439
1899,Mexico,2020091100,8862
1900,Mexico,2020091200,7608
1901,Mexico,2020091300,8138
1902,Mexico,2020091400,9857
1903,Mexico,2020091500,11880
1904,Mexico,2020091600,14544
1905,Mexico,2020091700,11845
1906,Mexico,2020091800,10109
1907,Mexico,2020091900,7927
1908,Mexico,2020092000,8416
1909,Mexico,2020092100,9907
1910,Mexico,2020092200,9480
1911,Mexico,2020092300,10280
1912,Mexico,2020092400,9893
1913,Mexico,2020092500,9141
1914,Mexico,2020092600,7624
1915,Mexico,2020092700,8311
1916,Mexico,2020092800,9117
1917,Mexico,2020092900,9594
1918,Mexico,2020093000,9343
1919,Mexico,2020100100,11126
1920,Mexico,2020100200,8542
1921,Mexico,2020100300,7796
1922,Mexico,2020100400,8552
1923,Mexico,2020100500,9672
1924,Mexico,2020100600,9678
1925,Mexico,2020100700,10786
1926,Mexico,2020100800,11819
1927,Mexico,2020100900,8903
1928,Mexico,2020101000,7648
1929,Mexico,2020101100,8198
1930,Mexico,2020101200,9673
1931,Mexico,2020101300,10531
1932,Mexico,2020101400,9633
1933,Mexico,2020101500,9708
1934,Mexico,2020101600,9031
1935,Mexico,2020101700,8085
1936,Mexico,2020101800,8301
1937,Mexico,2020101900,9477
1938,Mexico,2020102000,9568
1939,Mexico,2020102100,9514
1940,Mexico,2020102200,9342
1941,Mexico,2020102300,8689
1942,Mexico,2020102400,7636
1943,Mexico,2020102500,8048
1944,Mexico,2020102600,9355
1945,Mexico,2020102700,9292
1946,Mexico,2020102800,9637
1947,Mexico,2020102900,9136
1948,Mexico,2020103000,8732
1949,Mexico,2020103100,7744
1950,Mexico,2020110100,8428
1951,Mexico,2020110200,9279
1952,Mexico,2020110300,9451
1953,Mexico,2020110400,9920
1954,Mexico,2020110500,10039
1955,Mexico,2020110600,9334
1956,Mexico,2020110700,8706
1957,Mexico,2020110800,9445
1958,Mexico,2020110900,9556
1959,Mexico,2020111000,9429
1960,Mexico,2020111100,9395
1961,Mexico,2020111200,9513
1962,Mexico,2020111300,9078
1963,Mexico,2020111400,8514
1964,Mexico,2020111500,9159
1965,Mexico,2020111600,9639
1966,Mexico,2020111700,9470
1967,Mexico,2020111800,10108
1968,Mexico,2020111900,9362
1969,Mexico,2020112000,9289
1970,Mexico,2020112100,8200
1971,Mexico,2020112200,8676
1972,Mexico,2020112300,9042
1973,Mexico,2020112400,9293
1974,Mexico,2020112500,8818
1975,Mexico,2020112600,8865
1976,Mexico,2020112700,8077
1977,Mexico,2020112800,7937
1978,Mexico,2020112900,8276
1979,Mexico,2020113000,9325
1980,Mexico,2020120100,8966
1981,Mexico,2020120200,8938
1982,Mexico,2020120300,9227
1983,Mexico,2020120400,8400
1984,Mexico,2020120500,7447
1985,Mexico,2020120600,8451
1986,Mexico,2020120700,9829
1987,Mexico,2020120800,8996
1988,Mexico,2020120900,9070
1989,Mexico,2020121000,8978
1990,Mexico,2020121100,8562
1991,Mexico,2020121200,7836
1992,Mexico,2020121300,8173
1993,Mexico,2020121400,9621
1994,Mexico,2020121500,9601
1995,Mexico,2020121600,9215
1996,Mexico,2020121700,8927
1997,Mexico,2020121800,8121
1998,Mexico,2020121900,7689
1999,Mexico,2020122000,8640
2000,Mexico,2020122100,7765
2001,Mexico,2020122200,7618
2002,Mexico,2020122300,7398
2003,Mexico,2020122400,6828
2004,Mexico,2020122500,6770
2005,Mexico,2020122600,7448
2006,Mexico,2020122700,7724
2007,Mexico,2020122800,7639
2008,Mexico,2020122900,7725
2009,Mexico,2020123000,7737
2010,Mexico,2020123100,7256
2011,Mexico,2021010100,7444
2012,Mexico,2021010200,8397
2013,Mexico,2021010300,8652
2014,Mexico,2021010400,8436
2015,Mexico,2021010500,8944
2016,Mexico,2021010600,8594
2017,Mexico,2021010700,8746
2018,Mexico,2021010800,8774
2019,Mexico,2021010900,8231
2020,Mexico,2021011000,8422
2021,Mexico,2021011100,9261
2022,Mexico,2021011200,9495
2023,Mexico,2021011300,9230
2024,Mexico,2021011400,9254
2025,Mexico,2021011500,9169
2026,Mexico,2021011600,8138
2027,Mexico,2021011700,8258
2028,Mexico,2021011800,8922
2029,Mexico,2021011900,9780
2030,Mexico,2021012000,9659
2031,Mexico,2021012100,10191
2032,Mexico,2021012200,9564
2033,Mexico,2021012300,8553
2034,Mexico,2021012400,8797
2035,Mexico,2021012500,10902
2036,Mexico,2021012600,10202
2037,Mexico,2021012700,10080
2038,Mexico,2021012800,9205
2039,Mexico,2021012900,9394
2040,Mexico,2021013000,8446
2041,Mexico,2021013100,9189
2042,Mexico,2021020100,9562
2043,Mexico,2021020200,9312
2044,Mexico,2021020300,9935
2045,Mexico,2021020400,9577
2046,Mexico,2021020500,9352
2047,Mexico,2021020600,8101
2048,Mexico,2021020700,8405
2049,Mexico,2021020800,9283
2050,Mexico,2021020900,9413
2051,Mexico,2021021000,9217
2052,Mexico,2021021100,9905
2053,Mexico,2021021200,8718
2054,Mexico,2021021300,8453
2055,Mexico,2021021400,9145
2056,Mexico,2021021500,8890
2057,Mexico,2021021600,9033
2058,Mexico,2021021700,9078
2059,Mexico,2021021800,9339
2060,Mexico,2021021900,9456
2061,Mexico,2021022000,8686
2062,Mexico,2021022100,9274
2063,Mexico,2021022200,9960
2064,Mexico,2021022300,10386
2065,Mexico,2021022400,10530
2066,Mexico,2021022500,10231
2067,Mexico,2021022600,9675
2068,Mexico,2021022700,8651
2069,Mexico,2021022800,9924
2070,Mexico,2021030100,10356
2071,Mexico,2021030200,10772
2072,Mexico,2021030300,9930
2073,Mexico,2021030400,10321
2074,Mexico,2021030500,9491
2075,Mexico,2021030600,8486
2076,Mexico,2021030700,8532
2077,Mexico,2021030800,9929
2078,Mexico,2021030900,9849
2079,Mexico,2021031000,9799
2080,Mexico,2021031100,10365
2081,Mexico,2021031200,9539
2082,Mexico,2021031300,8562
2083,Mexico,2021031400,9053
2084,Mexico,2021031500,10039
2085,Mexico,2021031600,10458
2086,Mexico,2021031700,10136
2087,Mexico,2021031800,10159
2088,Mexico,2021031900,9938
2089,Mexico,2021032000,8511
2090,Mexico,2021032100,9275
2091,Mexico,2021032200,10144
2092,Mexico,2021032300,10042
2093,Mexico,2021032400,10391
2094,Mexico,2021032500,10699
2095,Mexico,2021032600,9522
2096,Mexico,2021032700,9098
2097,Mexico,2021032800,9670
2098,Mexico,2021032900,10247
2099,Mexico,2021033000,9474
2100,Mexico,2021033100,9714
2101,Mexico,2021040100,9297
2102,Mexico,2021040200,8859
2103,Mexico,2021040300,8502
2104,Mexico,2021040400,8700
2105,Mexico,2021040500,9306
2106,Mexico,2021040600,9681
2107,Mexico,2021040700,9544
2108,Mexico,2021040800,9599
2109,Mexico,2021040900,9316
2110,Mexico,2021041000,8149
2111,Mexico,2021041100,8732
2112,Mexico,2021041200,9936
2113,Mexico,2021041300,9648
2114,Mexico,2021041400,9608
2115,Mexico,2021041500,9691
2116,Mexico,2021041600,9151
2117,Mexico,2021041700,8269
2118,Mexico,2021041800,8884
2119,Mexico,2021041900,10081
2120,Mexico,2021042000,9962
2121,Mexico,2021042100,9649
2122,Mexico,2021042200,9782
2123,Mexico,2021042300,9286
2124,Mexico,2021042400,8736
2125,Mexico,2021042500,9228
2126,Mexico,2021042600,9933
2127,Mexico,2021042700,10099
2128,Mexico,2021042800,10430
2129,Mexico,2021042900,51080
2130,Mexico,2021043000,18877
2131,Mexico,2021050100,8895
2132,Mexico,2021050200,9168
2133,Mexico,2021050300,10879
2134,Mexico,2021050400,13828
2135,Mexico,2021050500,19339
2136,Mexico,2021050600,12758
2137,Mexico,2021050700,10697
2138,Mexico,2021050800,9494
2139,Mexico,2021050900,11448
2140,Mexico,2021051000,11032
2141,Mexico,2021051100,10509
2142,Mexico,2021051200,10400
2143,Mexico,2021051300,10002
2144,Mexico,2021051400,9708
2145,Mexico,2021051500,8810
2146,Mexico,2021051600,9265
2147,Mexico,2021051700,14708
2148,Mexico,2021051800,11519
2149,Mexico,2021051900,10729
2150,Mexico,2021052000,10504
2151,Mexico,2021052100,10173
2152,Mexico,2021052200,8679
2153,Mexico,2021052300,9183
2154,Mexico,2021052400,10291
2155,Mexico,2021052500,9971
2156,Mexico,2021052600,9678
2157,Mexico,2021052700,10084
2158,Mexico,2021052800,9883
2159,Mexico,2021052900,8610
2160,Mexico,2021053000,10858
2161,Mexico,2021053100,10204
2162,Mexico,2021060100,10502
2163,Mexico,2021060200,10052
2164,Mexico,2021060300,9978
2165,Mexico,2021060400,12372
2166,Mexico,2021060500,8648
2167,Mexico,2021060600,10185
2168,Mexico,2021060700,13701
2169,Mexico,2021060800,11587
2170,Mexico,2021060900,10629
2171,Mexico,2021061000,10234
2172,Mexico,2021061100,9587
2173,Mexico,2021061200,8626
2174,Mexico,2021061300,9541
2175,Mexico,2021061400,10099
2176,Mexico,2021061500,9541
2177,Mexico,2021061600,9489
2178,Mexico,2021061700,9190
2179,Mexico,2021061800,8802
2180,Mexico,2021061900,8699
2181,Mexico,2021062000,9265
2182,Mexico,2021062100,9523
2183,Mexico,2021062200,9277
2184,Mexico,2021062300,8643
2185,Mexico,2021062400,8947
2186,Mexico,2021062500,8519
2187,Mexico,2021062600,8701
2188,Mexico,2021062700,8910
2189,Mexico,2021062800,8974
2190,Mexico,2021062900,9735
2191,Mexico,2021063000,9124
2192,Mexico,2021070100,10319
2193,Mexico,2021070200,9876
2194,Mexico,2021070300,9478
2195,Mexico,2021070400,10227
2196,Mexico,2021070500,9730
2197,Mexico,2021070600,10094
2198,Mexico,2021070700,9719
2199,Mexico,2021070800,9417
2200,Mexico,2021070900,9099
2201,Mexico,2021071000,8485
2202,Mexico,2021071100,9871
2203,Mexico,2021071200,9983
2204,Mexico,2021071300,10290
2205,Mexico,2021071400,9848
2206,Mexico,2021071500,10412
2207,Mexico,2021071600,9749
2208,Mexico,2021071700,8569
2209,Mexico,2021071800,9437
2210,Mexico,2021071900,10655
2211,Mexico,2021072000,10763
2212,Mexico,2021072100,9810
2213,Mexico,2021072200,10316
2214,Mexico,2021072300,9780
2215,Mexico,2021072400,9309
2216,Mexico,2021072500,11883
2217,Mexico,2021072600,10466
2218,Mexico,2021072700,9728
2219,Mexico,2021072800,9751
2220,Mexico,2021072900,9681
2221,Mexico,2021073000,10171
2222,Mexico,2021073100,10175
2223,Mexico,2021080100,9914
2224,Mexico,2021080200,11435
2225,Mexico,2021080300,10952
2226,Mexico,2021080400,9317
2227,Mexico,2021080500,10032
2228,Mexico,2021080600,9602
2229,Mexico,2021080700,9164
2230,Mexico,2021080800,9927
2231,Mexico,2021080900,9906
2232,Mexico,2021081000,9808
2233,Mexico,2021081100,9755
2234,Mexico,2021081200,9823
2235,Mexico,2021081300,9899
2236,Mexico,2021081400,9064
2237,Mexico,2021081500,9370
2238,Mexico,2021081600,9999
2239,Mexico,2021081700,10341
2240,Mexico,2021081800,10129
2241,Mexico,2021081900,10230
2242,Mexico,2021082000,10093
2243,Mexico,2021082100,8907
2244,Mexico,2021082200,9763
2245,Mexico,2021082300,10339
2246,Mexico,2021082400,10450
2247,Mexico,2021082500,10477
2248,Mexico,2021082600,10017
2249,Mexico,2021082700,10168
2250,Mexico,2021082800,10127
2251,Mexico,2021082900,10140
2252,Mexico,2021083000,10877
2253,Mexico,2021083100,10290
2254,Mexico,2021090100,10243
2255,Mexico,2021090200,10160
2256,Mexico,2021090300,9701
2257,Mexico,2021090400,8659
2258,Mexico,2021090500,9106
2259,Mexico,2021090600,10302
2260,Mexico,2021090700,11514
2261,Mexico,2021090800,13992
2262,Mexico,2021090900,11714
2263,Mexico,2021091000,10546
2264,Mexico,2021091100,8806
2265,Mexico,2021091200,9572
2266,Mexico,2021091300,10843
2267,Mexico,2021091400,11060
2268,Mexico,2021091500,12766
2269,Mexico,2021091600,15241
2270,Mexico,2021091700,12478
2271,Mexico,2021091800,8964
2272,Mexico,2021091900,9329
2273,Mexico,2021092000,11231
2274,Mexico,2021092100,11774
2275,Mexico,2021092200,12020
2276,Mexico,2021092300,11804
2277,Mexico,2021092400,11324
2278,Mexico,2021092500,8838
2279,Mexico,2021092600,9563
2280,Mexico,2021092700,11631
2281,Mexico,2021092800,12239
2282,Mexico,2021092900,11381
2283,Mexico,2021093000,11268
2284,Mexico,2021100100,10540
2285,Mexico,2021100200,8146
2286,Mexico,2021100300,9067
2287,Mexico,2021100400,10906
2288,Mexico,2021100500,10620
2289,Mexico,2021100600,10921
2290,Mexico,2021100700,10787
2291,Mexico,2021100800,10401
2292,Mexico,2021100900,8490
2293,Mexico,2021101000,10060
2294,Mexico,2021101100,10930
2295,Mexico,2021101200,11616
2296,Mexico,2021101300,11436
2297,Mexico,2021101400,11686
2298,Mexico,2021101500,10642
2299,Mexico,2021101600,8501
2300,Mexico,2021101700,9103
2301,Mexico,2021101800,10832
2302,Mexico,2021101900,10920
2303,Mexico,2021102000,10826
2304,Mexico,2021102100,10802
2305,Mexico,2021102200,9888
2306,Mexico,2021102300,8964
2307,Mexico,2021102400,11230
2308,Mexico,2021102500,11510
2309,Mexico,2021102600,10863
2310,Mexico,2021102700,10545
2311,Mexico,2021102800,10300
2312,Mexico,2021102900,9559
2313,Mexico,2021103000,8801
2314,Mexico,2021103100,9307
2315,Mexico,2021110100,10613
2316,Mexico,2021110200,11155
2317,Mexico,2021110300,10473
2318,Mexico,2021110400,10135
2319,Mexico,2021110500,10440
2320,Mexico,2021110600,10731
2321,Mexico,2021110700,14332
2322,Mexico,2021110800,13399
2323,Mexico,2021110900,12830
2324,Mexico,2021111000,12602
2325,Mexico,2021111100,11661
2326,Mexico,2021111200,11444
2327,Mexico,2021111300,10706
2328,Mexico,2021111400,10829
2329,Mexico,2021111500,11483
2330,Mexico,2021111600,11614
2331,Mexico,2021111700,12077
2332,Mexico,2021111800,11697
2333,Mexico,2021111900,10661
2334,Mexico,2021112000,8886
2335,Mexico,2021112100,9288
2336,Mexico,2021112200,10221
2337,Mexico,2021112300,10610
2338,Mexico,2021112400,9646
2339,Mexico,2021112500,9615
2340,Mexico,2021112600,8817
2341,Mexico,2021112700,8695
2342,Mexico,2021112800,9001
2343,Mexico,2021112900,11395
2344,Mexico,2021113000,10790
2345,Mexico,2021120100,10673
2346,Mexico,2021120200,10856
2347,Mexico,2021120300,9996
2348,Mexico,2021120400,8418
2349,Mexico,2021120500,9224
2350,Mexico,2021120600,11221
2351,Mexico,2021120700,10994
2352,Mexico,2021120800,10678
2353,Mexico,2021120900,10594
2354,Mexico,2021121000,10796
2355,Mexico,2021121100,9082
2356,Mexico,2021121200,11806
2357,Mexico,2021121300,12397
2358,Mexico,2021121400,10985
2359,Mexico,2021121500,10269
2360,Mexico,2021121600,10080
2361,Mexico,2021121700,9188
2362,Mexico,2021121800,8058
2363,Mexico,2021121900,8435
2364,Mexico,2021122000,9114
2365,Mexico,2021122100,9204
2366,Mexico,2021122200,8767
2367,Mexico,2021122300,8479
2368,Mexico,2021122400,7548
2369,Mexico,2021122500,7457
2370,Mexico,2021122600,8517
2371,Mexico,2021122700,8816
2372,Mexico,2021122800,8711
2373,Mexico,2021122900,8917
2374,Mexico,2021123000,9037
2375,Mexico,2021123100,8492
2376,Mexico,2022010100,8522
2377,Mexico,2022010200,9179
2378,Mexico,2022010300,9551
2379,Mexico,2022010400,10227
2380,Mexico,2022010500,10055
2381,Mexico,2022010600,10286
2382,Mexico,2022010700,10274
2383,Mexico,2022010800,9797
2384,Mexico,2022010900,9907
2385,Mexico,2022011000,10956
2386,Mexico,2022011100,10711
2387,Mexico,2022011200,10686
2388,Mexico,2022011300,10418
2389,Mexico,2022011400,9952
2390,Mexico,2022011500,8784
2391,Mexico,2022011600,9499
2392,Mexico,2022011700,9690
2393,Mexico,2022011800,10458
2394,Mexico,2022011900,10331
2395,Mexico,2022012000,10454
2396,Mexico,2022012100,10494
2397,Mexico,2022012200,9137
2398,Mexico,2022012300,9538
2399,Mexico,2022012400,10459
2400,Mexico,2022012500,10691
2401,Mexico,2022012600,11198
2402,Mexico,2022012700,11641
2403,Mexico,2022012800,11116
2404,Mexico,2022012900,9541
2405,Mexico,2022013000,10016
2406,Mexico,2022013100,10867
2407,Mexico,2022020100,10833
2408,Mexico,2022020200,10971
2409,Mexico,2022020300,11671
2410,Mexico,2022020400,10824
2411,Mexico,2022020500,9532
2412,Mexico,2022020600,9883
2413,Mexico,2022020700,11267
2414,Mexico,2022020800,10921
2415,Mexico,2022020900,10787
2416,Mexico,2022021000,11145
2417,Mexico,2022021100,10403
2418,Mexico,2022021200,8922
2419,Mexico,2022021300,9925
2420,Mexico,2022021400,10425
2421,Mexico,2022021500,10981
2422,Mexico,2022021600,10643
2423,Mexico,2022021700,11021
2424,Mexico,2022021800,10155
2425,Mexico,2022021900,9311
2426,Mexico,2022022000,9738
2427,Mexico,2022022100,10567
2428,Mexico,2022022200,11268
2429,Mexico,2022022300,11396
2430,Mexico,2022022400,11495
2431,Mexico,2022022500,10922
2432,Mexico,2022022600,9829
2433,Mexico,2022022700,9722
2434,Mexico,2022022800,11096
2435,Mexico,2022030100,11295
2436,Mexico,2022030200,10867
2437,Mexico,2022030300,10841
2438,Mexico,2022030400,9693
2439,Mexico,2022030500,8099
2440,Mexico,2022030600,9703
2441,Mexico,2022030700,10521
2442,Mexico,2022030800,10421
2443,Mexico,2022030900,10657
2444,Mexico,2022031000,10220
2445,Mexico,2022031100,9447
2446,Mexico,2022031200,8388
2447,Mexico,2022031300,9147
2448,Mexico,2022031400,9959
2449,Mexico,2022031500,9790
2450,Mexico,2022031600,10007
2451,Mexico,2022031700,10208
2452,Mexico,2022031800,9623
2453,Mexico,2022031900,8805
2454,Mexico,2022032000,9581
2455,Mexico,2022032100,10897
2456,Mexico,2022032200,10964
2457,Mexico,2022032300,11183
2458,Mexico,2022032400,12331
2459,Mexico,2022032500,11580
2460,Mexico,2022032600,9425
2461,Mexico,2022032700,10189
2462,Mexico,2022032800,11244
2463,Mexico,2022032900,10510
2464,Mexico,2022033000,10805
2465,Mexico,2022033100,11750
2466,Mexico,2022040100,10999
2467,Mexico,2022040200,8857
2468,Mexico,2022040300,9172
2469,Mexico,2022040400,10749
2470,Mexico,2022040500,10408
2471,Mexico,2022040600,10531
2472,Mexico,2022040700,10643
2473,Mexico,2022040800,10118
2474,Mexico,2022040900,8703
2475,Mexico,2022041000,9807
2476,Mexico,2022041100,10244
2477,Mexico,2022041200,10214
2478,Mexico,2022041300,9893
2479,Mexico,2022041400,9423
2480,Mexico,2022041500,8601
2481,Mexico,2022041600,8446
2482,Mexico,2022041700,9191
2483,Mexico,2022041800,10166
2484,Mexico,2022041900,10335
2485,Mexico,2022042000,10336
2486,Mexico,2022042100,10850
2487,Mexico,2022042200,9624
2488,Mexico,2022042300,8698
2489,Mexico,2022042400,9066
2490,Mexico,2022042500,10518
2491,Mexico,2022042600,10485
2492,Mexico,2022042700,10641
2493,Mexico,2022042800,12040
2494,Mexico,2022042900,10760
2495,Mexico,2022043000,9008
2496,Mexico,2022050100,9752
2497,Mexico,2022050200,10683
2498,Mexico,2022050300,10566
2499,Mexico,2022050400,10773
2500,Mexico,2022050500,14572
2501,Mexico,2022050600,12058
2502,Mexico,2022050700,9436
2503,Mexico,2022050800,9505
2504,Mexico,2022050900,10843
2505,Mexico,2022051000,10770
2506,Mexico,2022051100,10947
2507,Mexico,2022051200,10652
2508,Mexico,2022051300,9887
2509,Mexico,2022051400,8218
2510,Mexico,2022051500,8782
2511,Mexico,2022051600,11382
2512,Mexico,2022051700,11099
2513,Mexico,2022051800,11516
2514,Mexico,2022051900,11684
2515,Mexico,2022052000,10853
2516,Mexico,2022052100,8872
2517,Mexico,2022052200,9473
2518,Mexico,2022052300,11187
2519,Mexico,2022052400,11233
2520,Mexico,2022052500,11404
2521,Mexico,2022052600,10993
2522,Mexico,2022052700,9773
2523,Mexico,2022052800,8715
2524,Mexico,2022052900,11308
2525,Mexico,2022053000,11665
2526,Mexico,2022053100,11275
2527,Mexico,2022060100,10621
2528,Mexico,2022060200,9488
2529,Mexico,2022060300,9663
2530,Mexico,2022060400,8404
2531,Mexico,2022060500,9240
2532,Mexico,2022060600,10408
2533,Mexico,2022060700,10546
2534,Mexico,2022060800,10017
2535,Mexico,2022060900,10030
2536,Mexico,2022061000,9700
2537,Mexico,2022061100,8488
2538,Mexico,2022061200,9604
2539,Mexico,2022061300,10360
2540,Mexico,2022061400,10072
2541,Mexico,2022061500,10239
2542,Mexico,2022061600,10043
2543,Mexico,2022061700,10196
2544,Mexico,2022061800,8721
2545,Mexico,2022061900,9169
2546,Mexico,2022062000,10403
2547,Mexico,2022062100,10083
2548,Mexico,2022062200,9519
2549,Mexico,2022062300,9326
2550,Mexico,2022062400,8740
2551,Mexico,2022062500,8333
2552,Mexico,2022062600,8901
2553,Mexico,2022062700,9469
2554,Mexico,2022062800,10139
2555,Mexico,2022062900,9542
2556,Mexico,2022063000,8900
2557,Mexico,2022070100,8490
2558,Mexico,2022070200,8128
2559,Mexico,2022070300,8688
2560,Mexico,2022070400,9392
2561,Mexico,2022070500,9325
2562,Mexico,2022070600,8937
2563,Mexico,2022070700,8930
2564,Mexico,2022070800,8400
2565,Mexico,2022070900,8302
2566,Mexico,2022071000,9064
2567,Mexico,2022071100,9341
2568,Mexico,2022071200,9246
2569,Mexico,2022071300,9065
2570,Mexico,2022071400,9392
2571,Mexico,2022071500,8803
2572,Mexico,2022071600,9586
2573,Mexico,2022071700,9371
2574,Mexico,2022071800,9796
2575,Mexico,2022071900,9193
2576,Mexico,2022072000,9108
2577,Mexico,2022072100,9257
2578,Mexico,2022072200,9005
2579,Mexico,2022072300,8834
2580,Mexico,2022072400,9159
2581,Mexico,2022072500,9378
2582,Mexico,2022072600,9725
2583,Mexico,2022072700,9438
2584,Mexico,2022072800,9412
2585,Mexico,2022072900,9274
2586,Mexico,2022073000,8967
2587,Mexico,2022073100,9187
2588,Mexico,2022080100,9655
2589,Mexico,2022080200,9234
2590,Mexico,2022080300,9156
2591,Mexico,2022080400,9650
2592,Mexico,2022080500,9293
2593,Mexico,2022080600,9364
2594,Mexico,2022080700,9661
2595,Mexico,2022080800,9882
2596,Mexico,2022080900,9641
2597,Mexico,2022081000,9983
2598,Mexico,2022081100,10086
2599,Mexico,2022081200,9161
2600,Mexico,2022081300,9418
2601,Mexico,2022081400,9809
2602,Mexico,2022081500,10464
2603,Mexico,2022081600,10183
2604,Mexico,2022081700,10032
2605,Mexico,2022081800,10406
2606,Mexico,2022081900,10526
2607,Mexico,2022082000,9126
2608,Mexico,2022082100,9573
2609,Mexico,2022082200,10620
2610,Mexico,2022082300,10836
2611,Mexico,2022082400,10851
2612,Mexico,2022082500,11022
2613,Mexico,2022082600,10786
2614,Mexico,2022082700,8929
2615,Mexico,2022082800,9263
2616,Mexico,2022082900,10337
2617,Mexico,2022083000,10493
2618,Mexico,2022083100,10169
2619,Mexico,2022090100,10819
2620,Mexico,2022090200,10023
2621,Mexico,2022090300,8586
2622,Mexico,2022090400,9067
2623,Mexico,2022090500,10004
2624,Mexico,2022090600,10847
2625,Mexico,2022090700,10922
2626,Mexico,2022090800,11224
2627,Mexico,2022090900,10791
2628,Mexico,2022091000,9058
2629,Mexico,2022091100,9445
2630,Mexico,2022091200,11007
2631,Mexico,2022091300,11603
2632,Mexico,2022091400,11800
2633,Mexico,2022091500,14281
2634,Mexico,2022091600,17966
2635,Mexico,2022091700,11112
2636,Mexico,2022091800,11703
2637,Mexico,2022091900,14699
2638,Mexico,2022092000,14545
2639,Mexico,2022092100,13311
2640,Mexico,2022092200,12550
2641,Mexico,2022092300,11742
2642,Mexico,2022092400,9462
2643,Mexico,2022092500,10796
2644,Mexico,2022092600,11978
2645,Mexico,2022092700,12123
2646,Mexico,2022092800,12573
2647,Mexico,2022092900,11950
2648,Mexico,2022093000,11163
2649,Mexico,2022100100,8863
2650,Mexico,2022100200,10354
2651,Mexico,2022100300,12172
2652,Mexico,2022100400,11958
2653,Mexico,2022100500,12042
2654,Mexico,2022100600,13352
2655,Mexico,2022100700,11445
2656,Mexico,2022100800,9826
2657,Mexico,2022100900,10157
2658,Mexico,2022101000,12051
2659,Mexico,2022101100,14757
2660,Mexico,2022101200,13204
2661,Mexico,2022101300,12431
2662,Mexico,2022101400,11758
2663,Mexico,2022101500,9566
2664,Mexico,2022101600,9883
2665,Mexico,2022101700,11627
2666,Mexico,2022101800,12115
2667,Mexico,2022101900,12600
2668,Mexico,2022102000,12639
2669,Mexico,2022102100,11887
2670,Mexico,2022102200,10484
2671,Mexico,2022102300,11547
2672,Mexico,2022102400,12624
2673,Mexico,2022102500,12617
2674,Mexico,2022102600,12433
2675,Mexico,2022102700,12397
2676,Mexico,2022102800,11897
2677,Mexico,2022102900,10866
2678,Mexico,2022103000,12357
2679,Mexico,2022103100,14291
2680,Mexico,2022110100,17999
2681,Mexico,2022110200,14226
2682,Mexico,2022110300,12285
2683,Mexico,2022110400,11493
2684,Mexico,2022110500,10123
2685,Mexico,2022110600,10194
2686,Mexico,2022110700,11787
2687,Mexico,2022110800,11528
2688,Mexico,2022110900,12708
2689,Mexico,2022111000,11905
2690,Mexico,2022111100,10876
2691,Mexico,2022111200,10414
2692,Mexico,2022111300,10921
2693,Mexico,2022111400,13354
2694,Mexico,2022111500,13397
2695,Mexico,2022111600,14534
2696,Mexico,2022111700,12926
2697,Mexico,2022111800,11813
2698,Mexico,2022111900,10854
2699,Mexico,2022112000,13369
2700,Mexico,2022112100,14428
2701,Mexico,2022112200,42389
2702,Mexico,2022112300,19160
2703,Mexico,2022112400,15103
2704,Mexico,2022112500,13540
2705,Mexico,2022112600,47732
2706,Mexico,2022112700,19327
2707,Mexico,2022112800,16927
2708,Mexico,2022112900,15487
2709,Mexico,2022113000,30359
2710,Mexico,2022120100,19000
2711,Mexico,2022120200,13161
2712,Mexico,2022120300,11925
2713,Mexico,2022120400,11270
2714,Mexico,2022120500,12305
2715,Mexico,2022120600,12366
2716,Mexico,2022120700,11374
2717,Mexico,2022120800,11188
2718,Mexico,2022120900,12223
2719,Mexico,2022121000,11197
2720,Mexico,2022121100,11906
2721,Mexico,2022121200,13208
2722,Mexico,2022121300,13717
2723,Mexico,2022121400,13804
2724,Mexico,2022121500,12297
2725,Mexico,2022121600,11149
2726,Mexico,2022121700,9739
2727,Mexico,2022121800,13802
2728,Mexico,2022121900,14336
2729,Mexico,2022122000,13366
2730,Mexico,2022122100,12324
2731,Mexico,2022122200,10997
2732,Mexico,2022122300,10922
2733,Mexico,2022122400,11169
2734,Mexico,2022122500,9360
2735,Mexico,2022122600,9977
2736,Mexico,2022122700,10181
2737,Mexico,2022122800,10347
2738,Mexico,2022122900,9981
2739,Mexico,2022123000,9760
2740,Mexico,2022123100,9031
2741,Mexico,2023010100,9128
2742,Mexico,2023010200,11009
2743,Mexico,2023010300,10724
2744,Mexico,2023010400,10775
2745,Mexico,2023010500,11777
2746,Mexico,2023010600,16926
2747,Mexico,2023010700,13867
2748,Mexico,2023010800,12989
2749,Mexico,2023010900,13821
2750,Mexico,2023011000,13747
2751,Mexico,2023011100,12436
2752,Mexico,2023011200,12236
2753,Mexico,2023011300,11236
2754,Mexico,2023011400,10083
2755,Mexico,2023011500,11144
2756,Mexico,2023011600,11182
2757,Mexico,2023011700,11162
2758,Mexico,2023011800,11601
2759,Mexico,2023011900,11907
2760,Mexico,2023012000,11185
2761,Mexico,2023012100,9884
2762,Mexico,2023012200,10572
2763,Mexico,2023012300,11480
2764,Mexico,2023012400,11910
2765,Mexico,2023012500,11392
2766,Mexico,2023012600,11600
2767,Mexico,2023012700,10442
2768,Mexico,2023012800,10096
2769,Mexico,2023012900,10712
2770,Mexico,2023013000,11372
2771,Mexico,2023013100,11350
2772,Mexico,2023020100,11440
2773,Mexico,2023020200,11140
2774,Mexico,2023020300,10582
2775,Mexico,2023020400,9431
2776,Mexico,2023020500,9839
2777,Mexico,2023020600,11090
2778,Mexico,2023020700,11405
2779,Mexico,2023020800,11024
2780,Mexico,2023020900,11088
2781,Mexico,2023021000,10694
2782,Mexico,2023021100,9388
2783,Mexico,2023021200,10713
2784,Mexico,2023021300,10357
2785,Mexico,2023021400,10753
2786,Mexico,2023021500,10692
2787,Mexico,2023021600,10825
2788,Mexico,2023021700,10115
2789,Mexico,2023021800,10065
2790,Mexico,2023021900,10599
2791,Mexico,2023022000,10624
2792,Mexico,2023022100,11472
2793,Mexico,2023022200,11393
2794,Mexico,2023022300,11741
2795,Mexico,2023022400,11482
2796,Mexico,2023022500,10197
2797,Mexico,2023022600,11057
2798,Mexico,2023022700,12486
2799,Mexico,2023022800,12045
2800,Mexico,2023030100,11821
2801,Mexico,2023030200,12413
2802,Mexico,2023030300,17841
2803,Mexico,2023030400,11261
2804,Mexico,2023030500,10993
2805,Mexico,2023030600,12261
2806,Mexico,2023030700,13265
2807,Mexico,2023030800,13949
2808,Mexico,2023030900,12583
2809,Mexico,2023031000,12228
2810,Mexico,2023031100,11102
2811,Mexico,2023031200,11722
2812,Mexico,2023031300,12188
2813,Mexico,2023031400,11940
2814,Mexico,2023031500,11439
2815,Mexico,2023031600,11004
2816,Mexico,2023031700,11019
2817,Mexico,2023031800,10422
2818,Mexico,2023031900,11607
2819,Mexico,2023032000,11953
2820,Mexico,2023032100,12799
2821,Mexico,2023032200,11721
2822,Mexico,2023032300,11619
2823,Mexico,2023032400,12260
2824,Mexico,2023032500,10307
2825,Mexico,2023032600,10905
2826,Mexico,2023032700,12807
2827,Mexico,2023032800,12471
2828,Mexico,2023032900,11754
2829,Mexico,2023033000,11392
2830,Mexico,2023033100,10713
2831,Mexico,2023040100,9847
2832,Mexico,2023040200,10208
2833,Mexico,2023040300,11194
2834,Mexico,2023040400,10464
2835,Mexico,2023040500,9698
2836,Mexico,2023040600,9289
2837,Mexico,2023040700,8974
2838,Mexico,2023040800,8830
2839,Mexico,2023040900,9032
2840,Mexico,2023041000,9802
2841,Mexico,2023041100,10095
2842,Mexico,2023041200,10185
2843,Mexico,2023041300,10402
2844,Mexico,2023041400,10067
2845,Mexico,2023041500,8665
2846,Mexico,2023041600,9750
2847,Mexico,2023041700,10919
2848,Mexico,2023041800,11034
2849,Mexico,2023041900,11426
2850,Mexico,2023042000,12449
2851,Mexico,2023042100,11767
2852,Mexico,2023042200,9715
2853,Mexico,2023042300,10546
2854,Mexico,2023042400,11556
2855,Mexico,2023042500,10943
2856,Mexico,2023042600,11524
2857,Mexico,2023042700,11896
2858,Mexico,2023042800,11661
2859,Mexico,2023042900,10693
2860,Mexico,2023043000,11510
2861,Mexico,2023050100,12020
2862,Mexico,2023050200,12373
2863,Mexico,2023050300,12175
2864,Mexico,2023050400,13512
2865,Mexico,2023050500,17333
2866,Mexico,2023050600,11929
2867,Mexico,2023050700,11674
2868,Mexico,2023050800,13067
2869,Mexico,2023050900,12325
2870,Mexico,2023051000,12566
2871,Mexico,2023051100,12625
2872,Mexico,2023051200,11975
2873,Mexico,2023051300,9905
2874,Mexico,2023051400,10070
2875,Mexico,2023051500,12161
2876,Mexico,2023051600,12202
2877,Mexico,2023051700,12499
2878,Mexico,2023051800,11954
2879,Mexico,2023051900,11006
2880,Mexico,2023052000,9657
2881,Mexico,2023052100,10394
2882,Mexico,2023052200,11998
2883,Mexico,2023052300,11392
2884,Mexico,2023052400,11084
2885,Mexico,2023052500,10580
2886,Mexico,2023052600,10297
2887,Mexico,2023052700,9098
2888,Mexico,2023052800,9090
2889,Mexico,2023052900,10181
2890,Mexico,2023053000,10836
2891,Mexico,2023053100,10669
2892,Mexico,2023060100,10261
2893,Mexico,2023060200,10344
2894,Mexico,2023060300,8904
2895,Mexico,2023060400,9296
2896,Mexico,2023060500,10630
2897,Mexico,2023060600,10012
2898,Mexico,2023060700,10996
2899,Mexico,2023060800,10917
2900,Mexico,2023060900,10232
2901,Mexico,2023061000,8977
2902,Mexico,2023061100,10279
2903,Mexico,2023061200,10429
2904,Mexico,2023061300,10424
2905,Mexico,2023061400,10404
2906,Mexico,2023061500,10415
2907,Mexico,2023061600,11302
2908,Mexico,2023061700,9368
2909,Mexico,2023061800,10425
2910,Mexico,2023061900,11392
2911,Mexico,2023062000,10449
2912,Mexico,2023062100,10270
2913,Mexico,2023062200,9779
2914,Mexico,2023062300,9721
2915,Mexico,2023062400,9347
2916,Mexico,2023062500,9995
2917,Mexico,2023062600,10932
2918,Mexico,2023062700,10033
2919,Mexico,2023062800,9877
2920,Mexico,2023062900,9913
2921,Mexico,2023063000,10673
2922,Mexico,2023070100,9716
2923,Mexico,2023070200,9853
2924,Mexico,2023070300,10841
2925,Mexico,2023070400,10996
2926,Mexico,2023070500,15014
2927,Mexico,2023070600,10989
2928,Mexico,2023070700,10169
2929,Mexico,2023070800,9714
2930,Mexico,2023070900,12175
2931,Mexico,2023071000,11231
2932,Mexico,2023071100,10272
2933,Mexico,2023071200,10185
2934,Mexico,2023071300,11621
2935,Mexico,2023071400,10635
2936,Mexico,2023071500,9512
2937,Mexico,2023071600,10752
2938,Mexico,2023071700,12043
2939,Mexico,2023071800,9872
2940,Mexico,2023071900,10266
2941,Mexico,2023072000,9771
2942,Mexico,2023072100,10054
2943,Mexico,2023072200,9660
2944,Mexico,2023072300,9772
2945,Mexico,2023072400,9842
2946,Mexico,2023072500,9557
2947,Mexico,2023072600,9518
2948,Mexico,2023072700,9629
2949,Mexico,2023072800,9459
2950,Mexico,2023072900,9066
2951,Mexico,2023073000,9724
2952,Mexico,2023073100,10090
2953,Mexico,2023080100,9571
2954,Mexico,2023080200,9342
2955,Mexico,2023080300,9469
2956,Mexico,2023080400,9513
2957,Mexico,2023080500,9349
2958,Mexico,2023080600,10169
2959,Mexico,2023080700,9975
2960,Mexico,2023080800,11293
2961,Mexico,2023080900,34427
2962,Mexico,2023081000,9933
2963,Mexico,2023081100,9447
2964,Mexico,2023081200,9036
2965,Mexico,2023081300,9734
2966,Mexico,2023081400,9706
2967,Mexico,2023081500,9588
2968,Mexico,2023081600,9955
2969,Mexico,2023081700,11035
2970,Mexico,2023081800,10961
2971,Mexico,2023081900,10246
2972,Mexico,2023082000,11147
2973,Mexico,2023082100,10963
2974,Mexico,2023082200,11196
2975,Mexico,2023082300,10870
2976,Mexico,2023082400,10921
2977,Mexico,2023082500,10017
2978,Mexico,2023082600,9388
2979,Mexico,2023082700,9630
2980,Mexico,2023082800,10171
2981,Mexico,2023082900,10381
2982,Mexico,2023083000,10769
2983,Mexico,2023083100,10517
2984,Mexico,2023090100,10497
2985,Mexico,2023090200,9309
2986,Mexico,2023090300,9480
2987,Mexico,2023090400,10117
2988,Mexico,2023090500,11097
2989,Mexico,2023090600,11800
2990,Mexico,2023090700,13645
2991,Mexico,2023090800,13574
2992,Mexico,2023090900,11832
2993,Mexico,2023091000,11907
2994,Mexico,2023091100,12163
2995,Mexico,2023091200,13275
2996,Mexico,2023091300,15959
2997,Mexico,2023091400,16595
2998,Mexico,2023091500,17423
2999,Mexico,2023091600,15741
3000,Mexico,2023091700,13037
3001,Mexico,2023091800,12442
3002,Mexico,2023091900,11428
3003,Mexico,2023092000,11005
3004,Mexico,2023092100,11670
3005,Mexico,2023092200,11151
3006,Mexico,2023092300,9075
3007,Mexico,2023092400,10021
3008,Mexico,2023092500,10942
3009,Mexico,2023092600,10988
3010,Mexico,2023092700,11224
3011,Mexico,2023092800,11109
3012,Mexico,2023092900,10873
3013,Mexico,2023093000,9066
3014,Mexico,2023100100,9154
3015,Mexico,2023100200,11936
3016,Mexico,2023100300,11501
3017,Mexico,2023100400,11142
3018,Mexico,2023100500,11786
3019,Mexico,2023100600,10477
3020,Mexico,2023100700,8885
3021,Mexico,2023100800,9132
3022,Mexico,2023100900,10568
3023,Mexico,2023101000,10463
3024,Mexico,2023101100,11176
3025,Mexico,2023101200,10276
3026,Mexico,2023101300,10201
3027,Mexico,2023101400,8877
3028,Mexico,2023101500,10815
3029,Mexico,2023101600,13806
3030,Mexico,2023101700,11656
3031,Mexico,2023101800,11802
3032,Mexico,2023101900,10871
3033,Mexico,2023102000,10822
3034,Mexico,2023102100,9218
3035,Mexico,2023102200,9535
3036,Mexico,2023102300,10468
3037,Mexico,2023102400,10657
3038,Mexico,2023102500,13546
3039,Mexico,2023102600,11392
3040,Mexico,2023102700,10791
3041,Mexico,2023102800,9646
3042,Mexico,2023102900,10527
3043,Mexico,2023103000,10296
3044,Mexico,2023103100,10109
3045,Mexico,2023110100,11027
3046,Mexico,2023110200,10643
3047,Mexico,2023110300,10083
3048,Mexico,2023110400,9716
3049,Mexico,2023110500,8981
3050,Mexico,2023110600,9540
3051,Mexico,2023110700,9535
3052,Mexico,2023110800,9874
3053,Mexico,2023110900,9691
3054,Mexico,2023111000,9467
3055,Mexico,2023111100,8107
3056,Mexico,2023111200,8661
3057,Mexico,2023111300,9577
3058,Mexico,2023111400,9975
3059,Mexico,2023111500,10471
3060,Mexico,2023111600,10035
3061,Mexico,2023111700,10350
3062,Mexico,2023111800,10858
3063,Mexico,2023111900,9968
3064,Mexico,2023112000,10439
3065,Mexico,2023112100,10206
3066,Mexico,2023112200,11969
3067,Mexico,2023112300,9015
3068,Mexico,2023112400,8391
3069,Mexico,2023112500,8259
3070,Mexico,2023112600,8900
3071,Mexico,2023112700,10200
3072,Mexico,2023112800,10721
3073,Mexico,2023112900,10386
3074,Mexico,2023113000,10081
3075,Mexico,2023120100,9865
3076,Mexico,2023120200,8571
3077,Mexico,2023120300,8725
3078,Mexico,2023120400,9914
3079,Mexico,2023120500,10471
3080,Mexico,2023120600,9994
3081,Mexico,2023120700,9791
3082,Mexico,2023120800,9732
3083,Mexico,2023120900,8208
3084,Mexico,2023121000,8236
3085,Mexico,2023121100,9823
3086,Mexico,2023121200,10059
3087,Mexico,2023121300,10141
3088,Mexico,2023121400,9883
3089,Mexico,2023121500,9320
3090,Mexico,2023121600,7962
3091,Mexico,2023121700,8679
3092,Mexico,2023121800,10247
3093,Mexico,2023121900,9226
3094,Mexico,2023122000,8928
3095,Mexico,2023122100,8397
3096,Mexico,2023122200,7853
3097,Mexico,2023122300,7931
3098,Mexico,2023122400,7776
3099,Mexico,2023122500,8163
3100,Mexico,2023122600,8643
3101,Mexico,2023122700,8671
3102,Mexico,2023122800,9102
3103,Mexico,2023122900,8575
3104,Mexico,2023123000,8567
3105,Mexico,2023123100,7924
3106,Mexico,2024010100,8289
3107,Mexico,2024010200,9266
3108,Mexico,2024010300,9687
3109,Mexico,2024010400,10146
3110,Mexico,2024010500,9774
3111,Mexico,2024010600,9413
3112,Mexico,2024010700,9593
3113,Mexico,2024010800,9722
3114,Mexico,2024010900,11244
3115,Mexico,2024011000,11991
3116,Mexico,2024011100,11140
3117,Mexico,2024011200,10658
3118,Mexico,2024011300,9577
3119,Mexico,2024011400,9397
3120,Mexico,2024011500,9708
3121,Mexico,2024011600,9974
3122,Mexico,2024011700,10210
3123,Mexico,2024011800,10701
3124,Mexico,2024011900,10718
3125,Mexico,2024012000,10020
3126,Mexico,2024012100,9859
3127,Mexico,2024012200,10827
3128,Mexico,2024012300,11682
3129,Mexico,2024012400,11583
3130,Mexico,2024012500,11683
3131,Mexico,2024012600,11159
3132,Mexico,2024012700,10713
3133,Mexico,2024012800,10116
3134,Mexico,2024012900,11626
3135,Mexico,2024013000,12059
3136,Mexico,2024013100,11231
