,article,timestamp,views
0,The_Big_Bang_Theory,2015070100,15912
1,The_Big_Bang_Theory,2015070200,16972
2,The_Big_Bang_Theory,2015070300,16020
3,The_Big_Bang_Theory,2015070400,13408
4,The_Big_Bang_Theory,2015070500,15439
5,The_Big_Bang_Theory,2015070600,15839
6,The_Big_Bang_Theory,2015070700,16168
7,The_Big_Bang_Theory,2015070800,16375
8,The_Big_Bang_Theory,2015070900,16478
9,The_Big_Bang_Theory,2015071000,15783
10,The_Big_Bang_Theory,2015071100,14336
11,The_Big_Bang_Theory,2015071200,16627
12,The_Big_Bang_Theory,2015071300,16594
13,The_Big_Bang_Theory,2015071400,16232
14,The_Big_Bang_Theory,2015071500,16373
15,The_Big_Bang_Theory,2015071600,17173
16,The_Big_Bang_Theory,2015071700,16515
17,The_Big_Bang_Theory,2015071800,14812
18,The_Big_Bang_Theory,2015071900,16897
19,The_Big_Bang_Theory,2015072000,17569
20,The_Big_Bang_Theory,2015072100,17211
21,The_Big_Bang_Theory,2015072200,16900
22,The_Big_Bang_Theory,2015072300,17265
23,The_Big_Bang_Theory,2015072400,16920
24,The_Big_Bang_Theory,2015072500,14215
25,The_Big_Bang_Theory,2015072600,17666
26,The_Big_Bang_Theory,2015072700,16899
27,The_Big_Bang_Theory,2015072800,15441
28,The_Big_Bang_Theory,2015072900,17927
29,The_Big_Bang_Theory,2015073000,18243
30,The_Big_Bang_Theory,2015073100,17874
31,The_Big_Bang_Theory,2015080100,15100
32,The_Big_Bang_Theory,2015080200,16797
33,The_Big_Bang_Theory,2015080300,16574
34,The_Big_Bang_Theory,2015080400,15935
35,The_Big_Bang_Theory,2015080500,17251
36,The_Big_Bang_Theory,2015080600,18105
37,The_Big_Bang_Theory,2015080700,16588
38,The_Big_Bang_Theory,2015080800,13702
39,The_Big_Bang_Theory,2015080900,16390
40,The_Big_Bang_Theory,2015081000,16044
41,The_Big_Bang_Theory,2015081100,16435
42,The_Big_Bang_Theory,2015081200,18709
43,The_Big_Bang_Theory,2015081300,18432
44,The_Big_Bang_Theory,2015081400,16991
45,The_Big_Bang_Theory,2015081500,14323
46,The_Big_Bang_Theory,2015081600,16899
47,The_Big_Bang_Theory,2015081700,17006
48,The_Big_Bang_Theory,2015081800,16610
49,The_Big_Bang_Theory,2015081900,20307
50,The_Big_Bang_Theory,2015082000,17902
51,The_Big_Bang_Theory,2015082100,18106
52,The_Big_Bang_Theory,2015082200,16711
53,The_Big_Bang_Theory,2015082300,17254
54,The_Big_Bang_Theory,2015082400,17849
55,The_Big_Bang_Theory,2015082500,17615
56,The_Big_Bang_Theory,2015082600,21363
57,The_Big_Bang_Theory,2015082700,20627
58,The_Big_Bang_Theory,2015082800,18024
59,The_Big_Bang_Theory,2015082900,15393
60,The_Big_Bang_Theory,2015083000,17948
61,The_Big_Bang_Theory,2015083100,21537
62,The_Big_Bang_Theory,2015090100,17139
63,The_Big_Bang_Theory,2015090200,18769
64,The_Big_Bang_Theory,2015090300,17980
65,The_Big_Bang_Theory,2015090400,16305
66,The_Big_Bang_Theory,2015090500,16360
67,The_Big_Bang_Theory,2015090600,18474
68,The_Big_Bang_Theory,2015090700,21228
69,The_Big_Bang_Theory,2015090800,20059
70,The_Big_Bang_Theory,2015090900,20760
71,The_Big_Bang_Theory,2015091000,24308
72,The_Big_Bang_Theory,2015091100,20099
73,The_Big_Bang_Theory,2015091200,16954
74,The_Big_Bang_Theory,2015091300,22610
75,The_Big_Bang_Theory,2015091400,20805
76,The_Big_Bang_Theory,2015091500,22252
77,The_Big_Bang_Theory,2015091600,22981
78,The_Big_Bang_Theory,2015091700,21317
79,The_Big_Bang_Theory,2015091800,23432
80,The_Big_Bang_Theory,2015091900,21873
81,The_Big_Bang_Theory,2015092000,24505
82,The_Big_Bang_Theory,2015092100,34503
83,The_Big_Bang_Theory,2015092200,47847
84,The_Big_Bang_Theory,2015092300,28914
85,The_Big_Bang_Theory,2015092400,23341
86,The_Big_Bang_Theory,2015092500,21027
87,The_Big_Bang_Theory,2015092600,28231
88,The_Big_Bang_Theory,2015092700,26163
89,The_Big_Bang_Theory,2015092800,27827
90,The_Big_Bang_Theory,2015092900,37507
91,The_Big_Bang_Theory,2015093000,25994
92,The_Big_Bang_Theory,2015100100,23055
93,The_Big_Bang_Theory,2015100200,20120
94,The_Big_Bang_Theory,2015100300,18977
95,The_Big_Bang_Theory,2015100400,20093
96,The_Big_Bang_Theory,2015100500,22363
97,The_Big_Bang_Theory,2015100600,28710
98,The_Big_Bang_Theory,2015100700,22610
99,The_Big_Bang_Theory,2015100800,19065
100,The_Big_Bang_Theory,2015100900,17368
101,The_Big_Bang_Theory,2015101000,18524
102,The_Big_Bang_Theory,2015101100,18719
103,The_Big_Bang_Theory,2015101200,23381
104,The_Big_Bang_Theory,2015101300,31358
105,The_Big_Bang_Theory,2015101400,20509
106,The_Big_Bang_Theory,2015101500,22121
107,The_Big_Bang_Theory,2015101600,18911
108,The_Big_Bang_Theory,2015101700,17730
109,The_Big_Bang_Theory,2015101800,18614
110,The_Big_Bang_Theory,2015101900,20335
111,The_Big_Bang_Theory,2015102000,26045
112,The_Big_Bang_Theory,2015102100,19598
113,The_Big_Bang_Theory,2015102200,20239
114,The_Big_Bang_Theory,2015102300,18044
115,The_Big_Bang_Theory,2015102400,16670
116,The_Big_Bang_Theory,2015102500,18140
117,The_Big_Bang_Theory,2015102600,19664
118,The_Big_Bang_Theory,2015102700,26628
119,The_Big_Bang_Theory,2015102800,19893
120,The_Big_Bang_Theory,2015102900,19766
121,The_Big_Bang_Theory,2015103000,16915
122,The_Big_Bang_Theory,2015103100,15693
123,The_Big_Bang_Theory,2015110100,17616
124,The_Big_Bang_Theory,2015110200,21811
125,The_Big_Bang_Theory,2015110300,33011
126,The_Big_Bang_Theory,2015110400,24612
127,The_Big_Bang_Theory,2015110500,24349
128,The_Big_Bang_Theory,2015110600,28440
129,The_Big_Bang_Theory,2015110700,20789
130,The_Big_Bang_Theory,2015110800,20737
131,The_Big_Bang_Theory,2015110900,21003
132,The_Big_Bang_Theory,2015111000,22466
133,The_Big_Bang_Theory,2015111100,20297
134,The_Big_Bang_Theory,2015111200,24028
135,The_Big_Bang_Theory,2015111300,28649
136,The_Big_Bang_Theory,2015111400,19882
137,The_Big_Bang_Theory,2015111500,20981
138,The_Big_Bang_Theory,2015111600,18982
139,The_Big_Bang_Theory,2015111700,20023
140,The_Big_Bang_Theory,2015111800,22820
141,The_Big_Bang_Theory,2015111900,24090
142,The_Big_Bang_Theory,2015112000,30910
143,The_Big_Bang_Theory,2015112100,22291
144,The_Big_Bang_Theory,2015112200,21247
145,The_Big_Bang_Theory,2015112300,20438
146,The_Big_Bang_Theory,2015112400,20861
147,The_Big_Bang_Theory,2015112500,21703
148,The_Big_Bang_Theory,2015112600,23605
149,The_Big_Bang_Theory,2015112700,33121
150,The_Big_Bang_Theory,2015112800,24049
151,The_Big_Bang_Theory,2015112900,23282
152,The_Big_Bang_Theory,2015113000,24400
153,The_Big_Bang_Theory,2015120100,24428
154,The_Big_Bang_Theory,2015120200,23316
155,The_Big_Bang_Theory,2015120300,25067
156,The_Big_Bang_Theory,2015120400,33271
157,The_Big_Bang_Theory,2015120500,35891
158,The_Big_Bang_Theory,2015120600,24152
159,The_Big_Bang_Theory,2015120700,25033
160,The_Big_Bang_Theory,2015120800,21716
161,The_Big_Bang_Theory,2015120900,23009
162,The_Big_Bang_Theory,2015121000,25226
163,The_Big_Bang_Theory,2015121100,32513
164,The_Big_Bang_Theory,2015121200,22492
165,The_Big_Bang_Theory,2015121300,23692
166,The_Big_Bang_Theory,2015121400,21268
167,The_Big_Bang_Theory,2015121500,20509
168,The_Big_Bang_Theory,2015121600,21668
169,The_Big_Bang_Theory,2015121700,31829
170,The_Big_Bang_Theory,2015121800,41081
171,The_Big_Bang_Theory,2015121900,26993
172,The_Big_Bang_Theory,2015122000,23333
173,The_Big_Bang_Theory,2015122100,23409
174,The_Big_Bang_Theory,2015122200,23892
175,The_Big_Bang_Theory,2015122300,22656
176,The_Big_Bang_Theory,2015122400,20497
177,The_Big_Bang_Theory,2015122500,19161
178,The_Big_Bang_Theory,2015122600,19442
179,The_Big_Bang_Theory,2015122700,21435
180,The_Big_Bang_Theory,2015122800,24066
181,The_Big_Bang_Theory,2015122900,25656
182,The_Big_Bang_Theory,2015123000,25114
183,The_Big_Bang_Theory,2015123100,21067
184,The_Big_Bang_Theory,2016010100,23922
185,The_Big_Bang_Theory,2016010200,21526
186,The_Big_Bang_Theory,2016010300,22219
187,The_Big_Bang_Theory,2016010400,25703
188,The_Big_Bang_Theory,2016010500,22012
189,The_Big_Bang_Theory,2016010600,23494
190,The_Big_Bang_Theory,2016010700,28878
191,The_Big_Bang_Theory,2016010800,32196
192,The_Big_Bang_Theory,2016010900,23533
193,The_Big_Bang_Theory,2016011000,22518
194,The_Big_Bang_Theory,2016011100,21767
195,The_Big_Bang_Theory,2016011200,21261
196,The_Big_Bang_Theory,2016011300,20264
197,The_Big_Bang_Theory,2016011400,21436
198,The_Big_Bang_Theory,2016011500,25829
199,The_Big_Bang_Theory,2016011600,20001
200,The_Big_Bang_Theory,2016011700,20865
201,The_Big_Bang_Theory,2016011800,21229
202,The_Big_Bang_Theory,2016011900,19481
203,The_Big_Bang_Theory,2016012000,19575
204,The_Big_Bang_Theory,2016012100,21689
205,The_Big_Bang_Theory,2016012200,32119
206,The_Big_Bang_Theory,2016012300,21939
207,The_Big_Bang_Theory,2016012400,23730
208,The_Big_Bang_Theory,2016012500,23492
209,The_Big_Bang_Theory,2016012600,21512
210,The_Big_Bang_Theory,2016012700,20812
211,The_Big_Bang_Theory,2016012800,23016
212,The_Big_Bang_Theory,2016012900,31395
213,The_Big_Bang_Theory,2016013000,21725
214,The_Big_Bang_Theory,2016013100,20527
215,The_Big_Bang_Theory,2016020100,20620
216,The_Big_Bang_Theory,2016020200,18188
217,The_Big_Bang_Theory,2016020300,19210
218,The_Big_Bang_Theory,2016020400,22871
219,The_Big_Bang_Theory,2016020500,27788
220,The_Big_Bang_Theory,2016020600,19438
221,The_Big_Bang_Theory,2016020700,19440
222,The_Big_Bang_Theory,2016020800,22715
223,The_Big_Bang_Theory,2016020900,18591
224,The_Big_Bang_Theory,2016021000,19354
225,The_Big_Bang_Theory,2016021100,19828
226,The_Big_Bang_Theory,2016021200,31713
227,The_Big_Bang_Theory,2016021300,21234
228,The_Big_Bang_Theory,2016021400,20073
229,The_Big_Bang_Theory,2016021500,19853
230,The_Big_Bang_Theory,2016021600,20346
231,The_Big_Bang_Theory,2016021700,20245
232,The_Big_Bang_Theory,2016021800,22345
233,The_Big_Bang_Theory,2016021900,27037
234,The_Big_Bang_Theory,2016022000,20754
235,The_Big_Bang_Theory,2016022100,24599
236,The_Big_Bang_Theory,2016022200,30994
237,The_Big_Bang_Theory,2016022300,25026
238,The_Big_Bang_Theory,2016022400,23739
239,The_Big_Bang_Theory,2016022500,32834
240,The_Big_Bang_Theory,2016022600,35849
241,The_Big_Bang_Theory,2016022700,23479
242,The_Big_Bang_Theory,2016022800,24355
243,The_Big_Bang_Theory,2016022900,21071
244,The_Big_Bang_Theory,2016030100,18855
245,The_Big_Bang_Theory,2016030200,19832
246,The_Big_Bang_Theory,2016030300,21691
247,The_Big_Bang_Theory,2016030400,30735
248,The_Big_Bang_Theory,2016030500,21528
249,The_Big_Bang_Theory,2016030600,21605
250,The_Big_Bang_Theory,2016030700,21751
251,The_Big_Bang_Theory,2016030800,20368
252,The_Big_Bang_Theory,2016030900,19761
253,The_Big_Bang_Theory,2016031000,21315
254,The_Big_Bang_Theory,2016031100,25347
255,The_Big_Bang_Theory,2016031200,19859
256,The_Big_Bang_Theory,2016031300,21328
257,The_Big_Bang_Theory,2016031400,22676
258,The_Big_Bang_Theory,2016031500,18903
259,The_Big_Bang_Theory,2016031600,18776
260,The_Big_Bang_Theory,2016031700,25659
261,The_Big_Bang_Theory,2016031800,33466
262,The_Big_Bang_Theory,2016031900,21024
263,The_Big_Bang_Theory,2016032000,20770
264,The_Big_Bang_Theory,2016032100,19599
265,The_Big_Bang_Theory,2016032200,16867
266,The_Big_Bang_Theory,2016032300,17359
267,The_Big_Bang_Theory,2016032400,19445
268,The_Big_Bang_Theory,2016032500,21925
269,The_Big_Bang_Theory,2016032600,18124
270,The_Big_Bang_Theory,2016032700,19606
271,The_Big_Bang_Theory,2016032800,20448
272,The_Big_Bang_Theory,2016032900,17932
273,The_Big_Bang_Theory,2016033000,17718
274,The_Big_Bang_Theory,2016033100,19687
275,The_Big_Bang_Theory,2016040100,21670
276,The_Big_Bang_Theory,2016040200,17638
277,The_Big_Bang_Theory,2016040300,20097
278,The_Big_Bang_Theory,2016040400,17177
279,The_Big_Bang_Theory,2016040500,16934
280,The_Big_Bang_Theory,2016040600,16667
281,The_Big_Bang_Theory,2016040700,18267
282,The_Big_Bang_Theory,2016040800,22031
283,The_Big_Bang_Theory,2016040900,17265
284,The_Big_Bang_Theory,2016041000,17785
285,The_Big_Bang_Theory,2016041100,18101
286,The_Big_Bang_Theory,2016041200,16404
287,The_Big_Bang_Theory,2016041300,16831
288,The_Big_Bang_Theory,2016041400,18975
289,The_Big_Bang_Theory,2016041500,23739
290,The_Big_Bang_Theory,2016041600,17535
291,The_Big_Bang_Theory,2016041700,17583
292,The_Big_Bang_Theory,2016041800,18227
293,The_Big_Bang_Theory,2016041900,15745
294,The_Big_Bang_Theory,2016042000,16039
295,The_Big_Bang_Theory,2016042100,18473
296,The_Big_Bang_Theory,2016042200,23525
297,The_Big_Bang_Theory,2016042300,16275
298,The_Big_Bang_Theory,2016042400,17347
299,The_Big_Bang_Theory,2016042500,17552
300,The_Big_Bang_Theory,2016042600,16483
301,The_Big_Bang_Theory,2016042700,16446
302,The_Big_Bang_Theory,2016042800,23165
303,The_Big_Bang_Theory,2016042900,26951
304,The_Big_Bang_Theory,2016043000,19277
305,The_Big_Bang_Theory,2016050100,21593
306,The_Big_Bang_Theory,2016050200,18916
307,The_Big_Bang_Theory,2016050300,17953
308,The_Big_Bang_Theory,2016050400,14925
309,The_Big_Bang_Theory,2016050500,18104
310,The_Big_Bang_Theory,2016050600,21090
311,The_Big_Bang_Theory,2016050700,16149
312,The_Big_Bang_Theory,2016050800,17670
313,The_Big_Bang_Theory,2016050900,17845
314,The_Big_Bang_Theory,2016051000,20050
315,The_Big_Bang_Theory,2016051100,17879
316,The_Big_Bang_Theory,2016051200,20213
317,The_Big_Bang_Theory,2016051300,32500
318,The_Big_Bang_Theory,2016051400,23040
319,The_Big_Bang_Theory,2016051500,23320
320,The_Big_Bang_Theory,2016051600,21287
321,The_Big_Bang_Theory,2016051700,20524
322,The_Big_Bang_Theory,2016051800,19428
323,The_Big_Bang_Theory,2016051900,20540
324,The_Big_Bang_Theory,2016052000,27243
325,The_Big_Bang_Theory,2016052100,20072
326,The_Big_Bang_Theory,2016052200,19907
327,The_Big_Bang_Theory,2016052300,18172
328,The_Big_Bang_Theory,2016052400,16985
329,The_Big_Bang_Theory,2016052500,15448
330,The_Big_Bang_Theory,2016052600,17123
331,The_Big_Bang_Theory,2016052700,17426
332,The_Big_Bang_Theory,2016052800,14598
333,The_Big_Bang_Theory,2016052900,15454
334,The_Big_Bang_Theory,2016053000,17988
335,The_Big_Bang_Theory,2016053100,15900
336,The_Big_Bang_Theory,2016060100,17412
337,The_Big_Bang_Theory,2016060200,19783
338,The_Big_Bang_Theory,2016060300,16906
339,The_Big_Bang_Theory,2016060400,14741
340,The_Big_Bang_Theory,2016060500,15232
341,The_Big_Bang_Theory,2016060600,15010
342,The_Big_Bang_Theory,2016060700,13630
343,The_Big_Bang_Theory,2016060800,13852
344,The_Big_Bang_Theory,2016060900,14601
345,The_Big_Bang_Theory,2016061000,14262
346,The_Big_Bang_Theory,2016061100,13094
347,The_Big_Bang_Theory,2016061200,14045
348,The_Big_Bang_Theory,2016061300,14970
349,The_Big_Bang_Theory,2016061400,17509
350,The_Big_Bang_Theory,2016061500,18517
351,The_Big_Bang_Theory,2016061600,19653
352,The_Big_Bang_Theory,2016061700,17633
353,The_Big_Bang_Theory,2016061800,16074
354,The_Big_Bang_Theory,2016061900,19200
355,The_Big_Bang_Theory,2016062000,18345
356,The_Big_Bang_Theory,2016062100,17175
357,The_Big_Bang_Theory,2016062200,17432
358,The_Big_Bang_Theory,2016062300,19510
359,The_Big_Bang_Theory,2016062400,14467
360,The_Big_Bang_Theory,2016062500,15905
361,The_Big_Bang_Theory,2016062600,16875
362,The_Big_Bang_Theory,2016062700,16062
363,The_Big_Bang_Theory,2016062800,16234
364,The_Big_Bang_Theory,2016062900,16122
365,The_Big_Bang_Theory,2016063000,15949
366,The_Big_Bang_Theory,2016070100,13866
367,The_Big_Bang_Theory,2016070200,12884
368,The_Big_Bang_Theory,2016070300,14931
369,The_Big_Bang_Theory,2016070400,16297
370,The_Big_Bang_Theory,2016070500,13889
371,The_Big_Bang_Theory,2016070600,16063
372,The_Big_Bang_Theory,2016070700,15162
373,The_Big_Bang_Theory,2016070800,12988
374,The_Big_Bang_Theory,2016070900,12325
375,The_Big_Bang_Theory,2016071000,12876
376,The_Big_Bang_Theory,2016071100,13616
377,The_Big_Bang_Theory,2016071200,12721
378,The_Big_Bang_Theory,2016071300,13339
379,The_Big_Bang_Theory,2016071400,13779
380,The_Big_Bang_Theory,2016071500,13246
381,The_Big_Bang_Theory,2016071600,12237
382,The_Big_Bang_Theory,2016071700,13769
383,The_Big_Bang_Theory,2016071800,13660
384,The_Big_Bang_Theory,2016071900,12518
385,The_Big_Bang_Theory,2016072000,13157
386,The_Big_Bang_Theory,2016072100,13066
387,The_Big_Bang_Theory,2016072200,13680
388,The_Big_Bang_Theory,2016072300,13697
389,The_Big_Bang_Theory,2016072400,13715
390,The_Big_Bang_Theory,2016072500,14130
391,The_Big_Bang_Theory,2016072600,12108
392,The_Big_Bang_Theory,2016072700,12642
393,The_Big_Bang_Theory,2016072800,13433
394,The_Big_Bang_Theory,2016072900,12579
395,The_Big_Bang_Theory,2016073000,11550
396,The_Big_Bang_Theory,2016073100,12344
397,The_Big_Bang_Theory,2016080100,12946
398,The_Big_Bang_Theory,2016080200,12952
399,The_Big_Bang_Theory,2016080300,13928
400,The_Big_Bang_Theory,2016080400,13529
401,The_Big_Bang_Theory,2016080500,12993
402,The_Big_Bang_Theory,2016080600,11203
403,The_Big_Bang_Theory,2016080700,11711
404,The_Big_Bang_Theory,2016080800,12122
405,The_Big_Bang_Theory,2016080900,11273
406,The_Big_Bang_Theory,2016081000,13013
407,The_Big_Bang_Theory,2016081100,13033
408,The_Big_Bang_Theory,2016081200,12002
409,The_Big_Bang_Theory,2016081300,11417
410,The_Big_Bang_Theory,2016081400,11615
411,The_Big_Bang_Theory,2016081500,11297
412,The_Big_Bang_Theory,2016081600,11520
413,The_Big_Bang_Theory,2016081700,12759
414,The_Big_Bang_Theory,2016081800,12859
415,The_Big_Bang_Theory,2016081900,11877
416,The_Big_Bang_Theory,2016082000,10632
417,The_Big_Bang_Theory,2016082100,13710
418,The_Big_Bang_Theory,2016082200,13336
419,The_Big_Bang_Theory,2016082300,12167
420,The_Big_Bang_Theory,2016082400,13507
421,The_Big_Bang_Theory,2016082500,13863
422,The_Big_Bang_Theory,2016082600,13375
423,The_Big_Bang_Theory,2016082700,12069
424,The_Big_Bang_Theory,2016082800,14686
425,The_Big_Bang_Theory,2016082900,14914
426,The_Big_Bang_Theory,2016083000,12978
427,The_Big_Bang_Theory,2016083100,14014
428,The_Big_Bang_Theory,2016090100,15359
429,The_Big_Bang_Theory,2016090200,14656
430,The_Big_Bang_Theory,2016090300,12201
431,The_Big_Bang_Theory,2016090400,13996
432,The_Big_Bang_Theory,2016090500,15007
433,The_Big_Bang_Theory,2016090600,15557
434,The_Big_Bang_Theory,2016090700,14306
435,The_Big_Bang_Theory,2016090800,14922
436,The_Big_Bang_Theory,2016090900,14327
437,The_Big_Bang_Theory,2016091000,12824
438,The_Big_Bang_Theory,2016091100,15269
439,The_Big_Bang_Theory,2016091200,15304
440,The_Big_Bang_Theory,2016091300,18916
441,The_Big_Bang_Theory,2016091400,17566
442,The_Big_Bang_Theory,2016091500,17834
443,The_Big_Bang_Theory,2016091600,16445
444,The_Big_Bang_Theory,2016091700,15663
445,The_Big_Bang_Theory,2016091800,18428
446,The_Big_Bang_Theory,2016091900,24215
447,The_Big_Bang_Theory,2016092000,34420
448,The_Big_Bang_Theory,2016092100,22874
449,The_Big_Bang_Theory,2016092200,19840
450,The_Big_Bang_Theory,2016092300,20077
451,The_Big_Bang_Theory,2016092400,16877
452,The_Big_Bang_Theory,2016092500,18768
453,The_Big_Bang_Theory,2016092600,20322
454,The_Big_Bang_Theory,2016092700,21744
455,The_Big_Bang_Theory,2016092800,17802
456,The_Big_Bang_Theory,2016092900,16154
457,The_Big_Bang_Theory,2016093000,16635
458,The_Big_Bang_Theory,2016100100,14518
459,The_Big_Bang_Theory,2016100200,17061
460,The_Big_Bang_Theory,2016100300,19634
461,The_Big_Bang_Theory,2016100400,22870
462,The_Big_Bang_Theory,2016100500,17508
463,The_Big_Bang_Theory,2016100600,16259
464,The_Big_Bang_Theory,2016100700,14719
465,The_Big_Bang_Theory,2016100800,14878
466,The_Big_Bang_Theory,2016100900,17684
467,The_Big_Bang_Theory,2016101000,16916
468,The_Big_Bang_Theory,2016101100,21676
469,The_Big_Bang_Theory,2016101200,17844
470,The_Big_Bang_Theory,2016101300,16651
471,The_Big_Bang_Theory,2016101400,14507
472,The_Big_Bang_Theory,2016101500,14623
473,The_Big_Bang_Theory,2016101600,16831
474,The_Big_Bang_Theory,2016101700,17448
475,The_Big_Bang_Theory,2016101800,23297
476,The_Big_Bang_Theory,2016101900,19237
477,The_Big_Bang_Theory,2016102000,15998
478,The_Big_Bang_Theory,2016102100,15035
479,The_Big_Bang_Theory,2016102200,14273
480,The_Big_Bang_Theory,2016102300,15631
481,The_Big_Bang_Theory,2016102400,17510
482,The_Big_Bang_Theory,2016102500,21883
483,The_Big_Bang_Theory,2016102600,18570
484,The_Big_Bang_Theory,2016102700,19475
485,The_Big_Bang_Theory,2016102800,20074
486,The_Big_Bang_Theory,2016102900,14779
487,The_Big_Bang_Theory,2016103000,15456
488,The_Big_Bang_Theory,2016103100,15571
489,The_Big_Bang_Theory,2016110100,16649
490,The_Big_Bang_Theory,2016110200,17131
491,The_Big_Bang_Theory,2016110300,17378
492,The_Big_Bang_Theory,2016110400,21203
493,The_Big_Bang_Theory,2016110500,17867
494,The_Big_Bang_Theory,2016110600,19135
495,The_Big_Bang_Theory,2016110700,18804
496,The_Big_Bang_Theory,2016110800,21608
497,The_Big_Bang_Theory,2016110900,17039
498,The_Big_Bang_Theory,2016111000,18805
499,The_Big_Bang_Theory,2016111100,24027
500,The_Big_Bang_Theory,2016111200,19791
501,The_Big_Bang_Theory,2016111300,20202
502,The_Big_Bang_Theory,2016111400,19744
503,The_Big_Bang_Theory,2016111500,18092
504,The_Big_Bang_Theory,2016111600,19439
505,The_Big_Bang_Theory,2016111700,20340
506,The_Big_Bang_Theory,2016111800,23310
507,The_Big_Bang_Theory,2016111900,18345
508,The_Big_Bang_Theory,2016112000,19417
509,The_Big_Bang_Theory,2016112100,18055
510,The_Big_Bang_Theory,2016112200,17213
511,The_Big_Bang_Theory,2016112300,19067
512,The_Big_Bang_Theory,2016112400,21329
513,The_Big_Bang_Theory,2016112500,27315
514,The_Big_Bang_Theory,2016112600,19835
515,The_Big_Bang_Theory,2016112700,21202
516,The_Big_Bang_Theory,2016112800,21080
517,The_Big_Bang_Theory,2016112900,20787
518,The_Big_Bang_Theory,2016113000,19663
519,The_Big_Bang_Theory,2016120100,21006
520,The_Big_Bang_Theory,2016120200,27303
521,The_Big_Bang_Theory,2016120300,21009
522,The_Big_Bang_Theory,2016120400,21303
523,The_Big_Bang_Theory,2016120500,19192
524,The_Big_Bang_Theory,2016120600,19624
525,The_Big_Bang_Theory,2016120700,20105
526,The_Big_Bang_Theory,2016120800,19667
527,The_Big_Bang_Theory,2016120900,25699
528,The_Big_Bang_Theory,2016121000,19517
529,The_Big_Bang_Theory,2016121100,18097
530,The_Big_Bang_Theory,2016121200,18805
531,The_Big_Bang_Theory,2016121300,17721
532,The_Big_Bang_Theory,2016121400,19063
533,The_Big_Bang_Theory,2016121500,19592
534,The_Big_Bang_Theory,2016121600,27245
535,The_Big_Bang_Theory,2016121700,19723
536,The_Big_Bang_Theory,2016121800,19263
537,The_Big_Bang_Theory,2016121900,17366
538,The_Big_Bang_Theory,2016122000,16593
539,The_Big_Bang_Theory,2016122100,17431
540,The_Big_Bang_Theory,2016122200,18168
541,The_Big_Bang_Theory,2016122300,19745
542,The_Big_Bang_Theory,2016122400,15801
543,The_Big_Bang_Theory,2016122500,14213
544,The_Big_Bang_Theory,2016122600,16165
545,The_Big_Bang_Theory,2016122700,18234
546,The_Big_Bang_Theory,2016122800,19701
547,The_Big_Bang_Theory,2016122900,19366
548,The_Big_Bang_Theory,2016123000,20465
549,The_Big_Bang_Theory,2016123100,15900
550,The_Big_Bang_Theory,2017010100,18777
551,The_Big_Bang_Theory,2017010200,23366
552,The_Big_Bang_Theory,2017010300,21458
553,The_Big_Bang_Theory,2017010400,21823
554,The_Big_Bang_Theory,2017010500,24146
555,The_Big_Bang_Theory,2017010600,29178
556,The_Big_Bang_Theory,2017010700,22788
557,The_Big_Bang_Theory,2017010800,24093
558,The_Big_Bang_Theory,2017010900,23526
559,The_Big_Bang_Theory,2017011000,20624
560,The_Big_Bang_Theory,2017011100,20264
561,The_Big_Bang_Theory,2017011200,20810
562,The_Big_Bang_Theory,2017011300,26712
563,The_Big_Bang_Theory,2017011400,21490
564,The_Big_Bang_Theory,2017011500,21444
565,The_Big_Bang_Theory,2017011600,18532
566,The_Big_Bang_Theory,2017011700,18196
567,The_Big_Bang_Theory,2017011800,19581
568,The_Big_Bang_Theory,2017011900,23126
569,The_Big_Bang_Theory,2017012000,27125
570,The_Big_Bang_Theory,2017012100,19472
571,The_Big_Bang_Theory,2017012200,20285
572,The_Big_Bang_Theory,2017012300,21447
573,The_Big_Bang_Theory,2017012400,21341
574,The_Big_Bang_Theory,2017012500,20688
575,The_Big_Bang_Theory,2017012600,21139
576,The_Big_Bang_Theory,2017012700,28143
577,The_Big_Bang_Theory,2017012800,19533
578,The_Big_Bang_Theory,2017012900,20582
579,The_Big_Bang_Theory,2017013000,22777
580,The_Big_Bang_Theory,2017013100,18925
581,The_Big_Bang_Theory,2017020100,18822
582,The_Big_Bang_Theory,2017020200,20597
583,The_Big_Bang_Theory,2017020300,24349
584,The_Big_Bang_Theory,2017020400,18076
585,The_Big_Bang_Theory,2017020500,18202
586,The_Big_Bang_Theory,2017020600,15968
587,The_Big_Bang_Theory,2017020700,15611
588,The_Big_Bang_Theory,2017020800,17322
589,The_Big_Bang_Theory,2017020900,18333
590,The_Big_Bang_Theory,2017021000,21497
591,The_Big_Bang_Theory,2017021100,17192
592,The_Big_Bang_Theory,2017021200,19246
593,The_Big_Bang_Theory,2017021300,16148
594,The_Big_Bang_Theory,2017021400,14785
595,The_Big_Bang_Theory,2017021500,16550
596,The_Big_Bang_Theory,2017021600,20694
597,The_Big_Bang_Theory,2017021700,21773
598,The_Big_Bang_Theory,2017021800,17132
599,The_Big_Bang_Theory,2017021900,22753
600,The_Big_Bang_Theory,2017022000,17100
601,The_Big_Bang_Theory,2017022100,15774
602,The_Big_Bang_Theory,2017022200,16076
603,The_Big_Bang_Theory,2017022300,18455
604,The_Big_Bang_Theory,2017022400,21447
605,The_Big_Bang_Theory,2017022500,16995
606,The_Big_Bang_Theory,2017022600,18463
607,The_Big_Bang_Theory,2017022700,17169
608,The_Big_Bang_Theory,2017022800,16412
609,The_Big_Bang_Theory,2017030100,26440
610,The_Big_Bang_Theory,2017030200,26049
611,The_Big_Bang_Theory,2017030300,31075
612,The_Big_Bang_Theory,2017030400,19688
613,The_Big_Bang_Theory,2017030500,19647
614,The_Big_Bang_Theory,2017030600,17419
615,The_Big_Bang_Theory,2017030700,17661
616,The_Big_Bang_Theory,2017030800,16489
617,The_Big_Bang_Theory,2017030900,17754
618,The_Big_Bang_Theory,2017031000,21335
619,The_Big_Bang_Theory,2017031100,15425
620,The_Big_Bang_Theory,2017031200,16843
621,The_Big_Bang_Theory,2017031300,16964
622,The_Big_Bang_Theory,2017031400,25860
623,The_Big_Bang_Theory,2017031500,18938
624,The_Big_Bang_Theory,2017031600,18151
625,The_Big_Bang_Theory,2017031700,22208
626,The_Big_Bang_Theory,2017031800,15999
627,The_Big_Bang_Theory,2017031900,15581
628,The_Big_Bang_Theory,2017032000,18042
629,The_Big_Bang_Theory,2017032100,19136
630,The_Big_Bang_Theory,2017032200,15540
631,The_Big_Bang_Theory,2017032300,17198
632,The_Big_Bang_Theory,2017032400,18661
633,The_Big_Bang_Theory,2017032500,15012
634,The_Big_Bang_Theory,2017032600,15694
635,The_Big_Bang_Theory,2017032700,16769
636,The_Big_Bang_Theory,2017032800,15273
637,The_Big_Bang_Theory,2017032900,15497
638,The_Big_Bang_Theory,2017033000,16567
639,The_Big_Bang_Theory,2017033100,18858
640,The_Big_Bang_Theory,2017040100,13117
641,The_Big_Bang_Theory,2017040200,15024
642,The_Big_Bang_Theory,2017040300,14540
643,The_Big_Bang_Theory,2017040400,14199
644,The_Big_Bang_Theory,2017040500,14077
645,The_Big_Bang_Theory,2017040600,14970
646,The_Big_Bang_Theory,2017040700,16576
647,The_Big_Bang_Theory,2017040800,12489
648,The_Big_Bang_Theory,2017040900,13869
649,The_Big_Bang_Theory,2017041000,13614
650,The_Big_Bang_Theory,2017041100,12373
651,The_Big_Bang_Theory,2017041200,12057
652,The_Big_Bang_Theory,2017041300,14547
653,The_Big_Bang_Theory,2017041400,19673
654,The_Big_Bang_Theory,2017041500,13619
655,The_Big_Bang_Theory,2017041600,13908
656,The_Big_Bang_Theory,2017041700,14334
657,The_Big_Bang_Theory,2017041800,13090
658,The_Big_Bang_Theory,2017041900,14337
659,The_Big_Bang_Theory,2017042000,14875
660,The_Big_Bang_Theory,2017042100,19582
661,The_Big_Bang_Theory,2017042200,14009
662,The_Big_Bang_Theory,2017042300,14142
663,The_Big_Bang_Theory,2017042400,14693
664,The_Big_Bang_Theory,2017042500,14024
665,The_Big_Bang_Theory,2017042600,14192
666,The_Big_Bang_Theory,2017042700,14477
667,The_Big_Bang_Theory,2017042800,19111
668,The_Big_Bang_Theory,2017042900,14987
669,The_Big_Bang_Theory,2017043000,15739
670,The_Big_Bang_Theory,2017050100,15530
671,The_Big_Bang_Theory,2017050200,12882
672,The_Big_Bang_Theory,2017050300,14173
673,The_Big_Bang_Theory,2017050400,17762
674,The_Big_Bang_Theory,2017050500,23565
675,The_Big_Bang_Theory,2017050600,16352
676,The_Big_Bang_Theory,2017050700,16443
677,The_Big_Bang_Theory,2017050800,15669
678,The_Big_Bang_Theory,2017050900,14755
679,The_Big_Bang_Theory,2017051000,15511
680,The_Big_Bang_Theory,2017051100,18286
681,The_Big_Bang_Theory,2017051200,37180
682,The_Big_Bang_Theory,2017051300,23516
683,The_Big_Bang_Theory,2017051400,21394
684,The_Big_Bang_Theory,2017051500,26216
685,The_Big_Bang_Theory,2017051600,21178
686,The_Big_Bang_Theory,2017051700,21091
687,The_Big_Bang_Theory,2017051800,27658
688,The_Big_Bang_Theory,2017051900,23748
689,The_Big_Bang_Theory,2017052000,18132
690,The_Big_Bang_Theory,2017052100,16626
691,The_Big_Bang_Theory,2017052200,14923
692,The_Big_Bang_Theory,2017052300,13382
693,The_Big_Bang_Theory,2017052400,14685
694,The_Big_Bang_Theory,2017052500,15181
695,The_Big_Bang_Theory,2017052600,14742
696,The_Big_Bang_Theory,2017052700,13516
697,The_Big_Bang_Theory,2017052800,14124
698,The_Big_Bang_Theory,2017052900,14188
699,The_Big_Bang_Theory,2017053000,13124
700,The_Big_Bang_Theory,2017053100,12992
701,The_Big_Bang_Theory,2017060100,12323
702,The_Big_Bang_Theory,2017060200,12153
703,The_Big_Bang_Theory,2017060300,11157
704,The_Big_Bang_Theory,2017060400,11999
705,The_Big_Bang_Theory,2017060500,14859
706,The_Big_Bang_Theory,2017060600,16008
707,The_Big_Bang_Theory,2017060700,16098
708,The_Big_Bang_Theory,2017060800,14558
709,The_Big_Bang_Theory,2017060900,11818
710,The_Big_Bang_Theory,2017061000,12208
711,The_Big_Bang_Theory,2017061100,13460
712,The_Big_Bang_Theory,2017061200,14761
713,The_Big_Bang_Theory,2017061300,14220
714,The_Big_Bang_Theory,2017061400,14062
715,The_Big_Bang_Theory,2017061500,13882
716,The_Big_Bang_Theory,2017061600,11972
717,The_Big_Bang_Theory,2017061700,11166
718,The_Big_Bang_Theory,2017061800,13226
719,The_Big_Bang_Theory,2017061900,15065
720,The_Big_Bang_Theory,2017062000,13381
721,The_Big_Bang_Theory,2017062100,13536
722,The_Big_Bang_Theory,2017062200,13043
723,The_Big_Bang_Theory,2017062300,11598
724,The_Big_Bang_Theory,2017062400,10287
725,The_Big_Bang_Theory,2017062500,12190
726,The_Big_Bang_Theory,2017062600,13358
727,The_Big_Bang_Theory,2017062700,11757
728,The_Big_Bang_Theory,2017062800,16309
729,The_Big_Bang_Theory,2017062900,13605
730,The_Big_Bang_Theory,2017063000,12305
731,The_Big_Bang_Theory,2017070100,10358
732,The_Big_Bang_Theory,2017070200,11702
733,The_Big_Bang_Theory,2017070300,11204
734,The_Big_Bang_Theory,2017070400,10918
735,The_Big_Bang_Theory,2017070500,10784
736,The_Big_Bang_Theory,2017070600,11141
737,The_Big_Bang_Theory,2017070700,10621
738,The_Big_Bang_Theory,2017070800,9898
739,The_Big_Bang_Theory,2017070900,12132
740,The_Big_Bang_Theory,2017071000,10720
741,The_Big_Bang_Theory,2017071100,11862
742,The_Big_Bang_Theory,2017071200,13938
743,The_Big_Bang_Theory,2017071300,12092
744,The_Big_Bang_Theory,2017071400,12716
745,The_Big_Bang_Theory,2017071500,9885
746,The_Big_Bang_Theory,2017071600,11854
747,The_Big_Bang_Theory,2017071700,10818
748,The_Big_Bang_Theory,2017071800,10872
749,The_Big_Bang_Theory,2017071900,11335
750,The_Big_Bang_Theory,2017072000,11373
751,The_Big_Bang_Theory,2017072100,11228
752,The_Big_Bang_Theory,2017072200,10997
753,The_Big_Bang_Theory,2017072300,11496
754,The_Big_Bang_Theory,2017072400,11394
755,The_Big_Bang_Theory,2017072500,10659
756,The_Big_Bang_Theory,2017072600,11031
757,The_Big_Bang_Theory,2017072700,10782
758,The_Big_Bang_Theory,2017072800,10535
759,The_Big_Bang_Theory,2017072900,10094
760,The_Big_Bang_Theory,2017073000,11285
761,The_Big_Bang_Theory,2017073100,11618
762,The_Big_Bang_Theory,2017080100,11775
763,The_Big_Bang_Theory,2017080200,12783
764,The_Big_Bang_Theory,2017080300,12545
765,The_Big_Bang_Theory,2017080400,11012
766,The_Big_Bang_Theory,2017080500,10093
767,The_Big_Bang_Theory,2017080600,11557
768,The_Big_Bang_Theory,2017080700,11545
769,The_Big_Bang_Theory,2017080800,11057
770,The_Big_Bang_Theory,2017080900,12172
771,The_Big_Bang_Theory,2017081000,12442
772,The_Big_Bang_Theory,2017081100,11611
773,The_Big_Bang_Theory,2017081200,11245
774,The_Big_Bang_Theory,2017081300,11764
775,The_Big_Bang_Theory,2017081400,11520
776,The_Big_Bang_Theory,2017081500,11755
777,The_Big_Bang_Theory,2017081600,12355
778,The_Big_Bang_Theory,2017081700,11722
779,The_Big_Bang_Theory,2017081800,11538
780,The_Big_Bang_Theory,2017081900,10173
781,The_Big_Bang_Theory,2017082000,11503
782,The_Big_Bang_Theory,2017082100,11869
783,The_Big_Bang_Theory,2017082200,11976
784,The_Big_Bang_Theory,2017082300,12837
785,The_Big_Bang_Theory,2017082400,12500
786,The_Big_Bang_Theory,2017082500,12346
787,The_Big_Bang_Theory,2017082600,11007
788,The_Big_Bang_Theory,2017082700,12777
789,The_Big_Bang_Theory,2017082800,12701
790,The_Big_Bang_Theory,2017082900,11795
791,The_Big_Bang_Theory,2017083000,13008
792,The_Big_Bang_Theory,2017083100,12803
793,The_Big_Bang_Theory,2017090100,11611
794,The_Big_Bang_Theory,2017090200,11498
795,The_Big_Bang_Theory,2017090300,13628
796,The_Big_Bang_Theory,2017090400,14497
797,The_Big_Bang_Theory,2017090500,13771
798,The_Big_Bang_Theory,2017090600,12832
799,The_Big_Bang_Theory,2017090700,12539
800,The_Big_Bang_Theory,2017090800,11776
801,The_Big_Bang_Theory,2017090900,11195
802,The_Big_Bang_Theory,2017091000,14569
803,The_Big_Bang_Theory,2017091100,13281
804,The_Big_Bang_Theory,2017091200,13644
805,The_Big_Bang_Theory,2017091300,13087
806,The_Big_Bang_Theory,2017091400,13037
807,The_Big_Bang_Theory,2017091500,13136
808,The_Big_Bang_Theory,2017091600,12884
809,The_Big_Bang_Theory,2017091700,15703
810,The_Big_Bang_Theory,2017091800,16916
811,The_Big_Bang_Theory,2017091900,14910
812,The_Big_Bang_Theory,2017092000,15073
813,The_Big_Bang_Theory,2017092100,15009
814,The_Big_Bang_Theory,2017092200,16559
815,The_Big_Bang_Theory,2017092300,14876
816,The_Big_Bang_Theory,2017092400,19209
817,The_Big_Bang_Theory,2017092500,24665
818,The_Big_Bang_Theory,2017092600,37899
819,The_Big_Bang_Theory,2017092700,21342
820,The_Big_Bang_Theory,2017092800,17608
821,The_Big_Bang_Theory,2017092900,15495
822,The_Big_Bang_Theory,2017093000,14795
823,The_Big_Bang_Theory,2017100100,17644
824,The_Big_Bang_Theory,2017100200,17855
825,The_Big_Bang_Theory,2017100300,21890
826,The_Big_Bang_Theory,2017100400,17208
827,The_Big_Bang_Theory,2017100500,15605
828,The_Big_Bang_Theory,2017100600,13659
829,The_Big_Bang_Theory,2017100700,13727
830,The_Big_Bang_Theory,2017100800,15161
831,The_Big_Bang_Theory,2017100900,16713
832,The_Big_Bang_Theory,2017101000,19457
833,The_Big_Bang_Theory,2017101100,15930
834,The_Big_Bang_Theory,2017101200,16259
835,The_Big_Bang_Theory,2017101300,14462
836,The_Big_Bang_Theory,2017101400,15402
837,The_Big_Bang_Theory,2017101500,17022
838,The_Big_Bang_Theory,2017101600,17631
839,The_Big_Bang_Theory,2017101700,20126
840,The_Big_Bang_Theory,2017101800,15001
841,The_Big_Bang_Theory,2017101900,14981
842,The_Big_Bang_Theory,2017102000,14141
843,The_Big_Bang_Theory,2017102100,14281
844,The_Big_Bang_Theory,2017102200,15723
845,The_Big_Bang_Theory,2017102300,16536
846,The_Big_Bang_Theory,2017102400,20032
847,The_Big_Bang_Theory,2017102500,15355
848,The_Big_Bang_Theory,2017102600,14852
849,The_Big_Bang_Theory,2017102700,13326
850,The_Big_Bang_Theory,2017102800,12848
851,The_Big_Bang_Theory,2017102900,16018
852,The_Big_Bang_Theory,2017103000,15122
853,The_Big_Bang_Theory,2017103100,18631
854,The_Big_Bang_Theory,2017110100,15733
855,The_Big_Bang_Theory,2017110200,16541
856,The_Big_Bang_Theory,2017110300,18957
857,The_Big_Bang_Theory,2017110400,14168
858,The_Big_Bang_Theory,2017110500,15360
859,The_Big_Bang_Theory,2017110600,15511
860,The_Big_Bang_Theory,2017110700,16436
861,The_Big_Bang_Theory,2017110800,15496
862,The_Big_Bang_Theory,2017110900,16675
863,The_Big_Bang_Theory,2017111000,19208
864,The_Big_Bang_Theory,2017111100,15489
865,The_Big_Bang_Theory,2017111200,16547
866,The_Big_Bang_Theory,2017111300,16087
867,The_Big_Bang_Theory,2017111400,14643
868,The_Big_Bang_Theory,2017111500,14653
869,The_Big_Bang_Theory,2017111600,15316
870,The_Big_Bang_Theory,2017111700,17845
871,The_Big_Bang_Theory,2017111800,14251
872,The_Big_Bang_Theory,2017111900,15514
873,The_Big_Bang_Theory,2017112000,15749
874,The_Big_Bang_Theory,2017112100,14874
875,The_Big_Bang_Theory,2017112200,14549
876,The_Big_Bang_Theory,2017112300,15192
877,The_Big_Bang_Theory,2017112400,21425
878,The_Big_Bang_Theory,2017112500,15650
879,The_Big_Bang_Theory,2017112600,16237
880,The_Big_Bang_Theory,2017112700,16425
881,The_Big_Bang_Theory,2017112800,14312
882,The_Big_Bang_Theory,2017112900,14082
883,The_Big_Bang_Theory,2017113000,15445
884,The_Big_Bang_Theory,2017120100,20241
885,The_Big_Bang_Theory,2017120200,15676
886,The_Big_Bang_Theory,2017120300,15527
887,The_Big_Bang_Theory,2017120400,15357
888,The_Big_Bang_Theory,2017120500,14574
889,The_Big_Bang_Theory,2017120600,14350
890,The_Big_Bang_Theory,2017120700,15741
891,The_Big_Bang_Theory,2017120800,17876
892,The_Big_Bang_Theory,2017120900,14878
893,The_Big_Bang_Theory,2017121000,14797
894,The_Big_Bang_Theory,2017121100,15125
895,The_Big_Bang_Theory,2017121200,13734
896,The_Big_Bang_Theory,2017121300,13126
897,The_Big_Bang_Theory,2017121400,14296
898,The_Big_Bang_Theory,2017121500,18380
899,The_Big_Bang_Theory,2017121600,15108
900,The_Big_Bang_Theory,2017121700,14624
901,The_Big_Bang_Theory,2017121800,14858
902,The_Big_Bang_Theory,2017121900,13346
903,The_Big_Bang_Theory,2017122000,13825
904,The_Big_Bang_Theory,2017122100,14671
905,The_Big_Bang_Theory,2017122200,16932
906,The_Big_Bang_Theory,2017122300,13370
907,The_Big_Bang_Theory,2017122400,12658
908,The_Big_Bang_Theory,2017122500,11920
909,The_Big_Bang_Theory,2017122600,13828
910,The_Big_Bang_Theory,2017122700,14981
911,The_Big_Bang_Theory,2017122800,15885
912,The_Big_Bang_Theory,2017122900,17271
913,The_Big_Bang_Theory,2017123000,13579
914,The_Big_Bang_Theory,2017123100,13912
915,The_Big_Bang_Theory,2018010100,15092
916,The_Big_Bang_Theory,2018010200,18093
917,The_Big_Bang_Theory,2018010300,15835
918,The_Big_Bang_Theory,2018010400,17185
919,The_Big_Bang_Theory,2018010500,20022
920,The_Big_Bang_Theory,2018010600,18595
921,The_Big_Bang_Theory,2018010700,23117
922,The_Big_Bang_Theory,2018010800,18686
923,The_Big_Bang_Theory,2018010900,17342
924,The_Big_Bang_Theory,2018011000,16368
925,The_Big_Bang_Theory,2018011100,17129
926,The_Big_Bang_Theory,2018011200,20952
927,The_Big_Bang_Theory,2018011300,17786
928,The_Big_Bang_Theory,2018011400,19395
929,The_Big_Bang_Theory,2018011500,16352
930,The_Big_Bang_Theory,2018011600,16486
931,The_Big_Bang_Theory,2018011700,16407
932,The_Big_Bang_Theory,2018011800,17270
933,The_Big_Bang_Theory,2018011900,20502
934,The_Big_Bang_Theory,2018012000,16332
935,The_Big_Bang_Theory,2018012100,17208
936,The_Big_Bang_Theory,2018012200,15456
937,The_Big_Bang_Theory,2018012300,15845
938,The_Big_Bang_Theory,2018012400,14449
939,The_Big_Bang_Theory,2018012500,15147
940,The_Big_Bang_Theory,2018012600,20270
941,The_Big_Bang_Theory,2018012700,15993
942,The_Big_Bang_Theory,2018012800,17027
943,The_Big_Bang_Theory,2018012900,15946
944,The_Big_Bang_Theory,2018013000,14177
945,The_Big_Bang_Theory,2018013100,14282
946,The_Big_Bang_Theory,2018020100,16013
947,The_Big_Bang_Theory,2018020200,18930
948,The_Big_Bang_Theory,2018020300,15374
949,The_Big_Bang_Theory,2018020400,15229
950,The_Big_Bang_Theory,2018020500,13286
951,The_Big_Bang_Theory,2018020600,13835
952,The_Big_Bang_Theory,2018020700,13822
953,The_Big_Bang_Theory,2018020800,15160
954,The_Big_Bang_Theory,2018020900,19022
955,The_Big_Bang_Theory,2018021000,14798
956,The_Big_Bang_Theory,2018021100,15479
957,The_Big_Bang_Theory,2018021200,14338
958,The_Big_Bang_Theory,2018021300,13299
959,The_Big_Bang_Theory,2018021400,12803
960,The_Big_Bang_Theory,2018021500,14020
961,The_Big_Bang_Theory,2018021600,15726
962,The_Big_Bang_Theory,2018021700,13889
963,The_Big_Bang_Theory,2018021800,14849
964,The_Big_Bang_Theory,2018021900,14296
965,The_Big_Bang_Theory,2018022000,14079
966,The_Big_Bang_Theory,2018022100,14731
967,The_Big_Bang_Theory,2018022200,15230
968,The_Big_Bang_Theory,2018022300,16327
969,The_Big_Bang_Theory,2018022400,14231
970,The_Big_Bang_Theory,2018022500,14755
971,The_Big_Bang_Theory,2018022600,14835
972,The_Big_Bang_Theory,2018022700,14155
973,The_Big_Bang_Theory,2018022800,13678
974,The_Big_Bang_Theory,2018030100,15650
975,The_Big_Bang_Theory,2018030200,20655
976,The_Big_Bang_Theory,2018030300,16128
977,The_Big_Bang_Theory,2018030400,15648
978,The_Big_Bang_Theory,2018030500,14834
979,The_Big_Bang_Theory,2018030600,12824
980,The_Big_Bang_Theory,2018030700,13136
981,The_Big_Bang_Theory,2018030800,14262
982,The_Big_Bang_Theory,2018030900,17247
983,The_Big_Bang_Theory,2018031000,14379
984,The_Big_Bang_Theory,2018031100,15059
985,The_Big_Bang_Theory,2018031200,14193
986,The_Big_Bang_Theory,2018031300,13613
987,The_Big_Bang_Theory,2018031400,38845
988,The_Big_Bang_Theory,2018031500,23905
989,The_Big_Bang_Theory,2018031600,21106
990,The_Big_Bang_Theory,2018031700,17459
991,The_Big_Bang_Theory,2018031800,17140
992,The_Big_Bang_Theory,2018031900,16244
993,The_Big_Bang_Theory,2018032000,15034
994,The_Big_Bang_Theory,2018032100,15244
995,The_Big_Bang_Theory,2018032200,17492
996,The_Big_Bang_Theory,2018032300,18548
997,The_Big_Bang_Theory,2018032400,16055
998,The_Big_Bang_Theory,2018032500,16167
999,The_Big_Bang_Theory,2018032600,16266
1000,The_Big_Bang_Theory,2018032700,15799
1001,The_Big_Bang_Theory,2018032800,16669
1002,The_Big_Bang_Theory,2018032900,17787
1003,The_Big_Bang_Theory,2018033000,20117
1004,The_Big_Bang_Theory,2018033100,15990
1005,The_Big_Bang_Theory,2018040100,14905
1006,The_Big_Bang_Theory,2018040200,16265
1007,The_Big_Bang_Theory,2018040300,16730
1008,The_Big_Bang_Theory,2018040400,15452
1009,The_Big_Bang_Theory,2018040500,15607
1010,The_Big_Bang_Theory,2018040600,17351
1011,The_Big_Bang_Theory,2018040700,13997
1012,The_Big_Bang_Theory,2018040800,14429
1013,The_Big_Bang_Theory,2018040900,14646
1014,The_Big_Bang_Theory,2018041000,13605
1015,The_Big_Bang_Theory,2018041100,13766
1016,The_Big_Bang_Theory,2018041200,14369
1017,The_Big_Bang_Theory,2018041300,18067
1018,The_Big_Bang_Theory,2018041400,14452
1019,The_Big_Bang_Theory,2018041500,16055
1020,The_Big_Bang_Theory,2018041600,16314
1021,The_Big_Bang_Theory,2018041700,16078
1022,The_Big_Bang_Theory,2018041800,17558
1023,The_Big_Bang_Theory,2018041900,15762
1024,The_Big_Bang_Theory,2018042000,18455
1025,The_Big_Bang_Theory,2018042100,14259
1026,The_Big_Bang_Theory,2018042200,15291
1027,The_Big_Bang_Theory,2018042300,14829
1028,The_Big_Bang_Theory,2018042400,14240
1029,The_Big_Bang_Theory,2018042500,15853
1030,The_Big_Bang_Theory,2018042600,14312
1031,The_Big_Bang_Theory,2018042700,17009
1032,The_Big_Bang_Theory,2018042800,13239
1033,The_Big_Bang_Theory,2018042900,14521
1034,The_Big_Bang_Theory,2018043000,15628
1035,The_Big_Bang_Theory,2018050100,14469
1036,The_Big_Bang_Theory,2018050200,13930
1037,The_Big_Bang_Theory,2018050300,14901
1038,The_Big_Bang_Theory,2018050400,21335
1039,The_Big_Bang_Theory,2018050500,16789
1040,The_Big_Bang_Theory,2018050600,17090
1041,The_Big_Bang_Theory,2018050700,16457
1042,The_Big_Bang_Theory,2018050800,16981
1043,The_Big_Bang_Theory,2018050900,16327
1044,The_Big_Bang_Theory,2018051000,20213
1045,The_Big_Bang_Theory,2018051100,45447
1046,The_Big_Bang_Theory,2018051200,32036
1047,The_Big_Bang_Theory,2018051300,24197
1048,The_Big_Bang_Theory,2018051400,21004
1049,The_Big_Bang_Theory,2018051500,18497
1050,The_Big_Bang_Theory,2018051600,18650
1051,The_Big_Bang_Theory,2018051700,18670
1052,The_Big_Bang_Theory,2018051800,18107
1053,The_Big_Bang_Theory,2018051900,13978
1054,The_Big_Bang_Theory,2018052000,15912
1055,The_Big_Bang_Theory,2018052100,15989
1056,The_Big_Bang_Theory,2018052200,15102
1057,The_Big_Bang_Theory,2018052300,14825
1058,The_Big_Bang_Theory,2018052400,13959
1059,The_Big_Bang_Theory,2018052500,13797
1060,The_Big_Bang_Theory,2018052600,11814
1061,The_Big_Bang_Theory,2018052700,14495
1062,The_Big_Bang_Theory,2018052800,15494
1063,The_Big_Bang_Theory,2018052900,15110
1064,The_Big_Bang_Theory,2018053000,15772
1065,The_Big_Bang_Theory,2018053100,13819
1066,The_Big_Bang_Theory,2018060100,11639
1067,The_Big_Bang_Theory,2018060200,11913
1068,The_Big_Bang_Theory,2018060300,14036
1069,The_Big_Bang_Theory,2018060400,16598
1070,The_Big_Bang_Theory,2018060500,17456
1071,The_Big_Bang_Theory,2018060600,17606
1072,The_Big_Bang_Theory,2018060700,16065
1073,The_Big_Bang_Theory,2018060800,13408
1074,The_Big_Bang_Theory,2018060900,12579
1075,The_Big_Bang_Theory,2018061000,15386
1076,The_Big_Bang_Theory,2018061100,14066
1077,The_Big_Bang_Theory,2018061200,14369
1078,The_Big_Bang_Theory,2018061300,14332
1079,The_Big_Bang_Theory,2018061400,12323
1080,The_Big_Bang_Theory,2018061500,11223
1081,The_Big_Bang_Theory,2018061600,10248
1082,The_Big_Bang_Theory,2018061700,12396
1083,The_Big_Bang_Theory,2018061800,13480
1084,The_Big_Bang_Theory,2018061900,12868
1085,The_Big_Bang_Theory,2018062000,13229
1086,The_Big_Bang_Theory,2018062100,12519
1087,The_Big_Bang_Theory,2018062200,11758
1088,The_Big_Bang_Theory,2018062300,10387
1089,The_Big_Bang_Theory,2018062400,11828
1090,The_Big_Bang_Theory,2018062500,11893
1091,The_Big_Bang_Theory,2018062600,11235
1092,The_Big_Bang_Theory,2018062700,12088
1093,The_Big_Bang_Theory,2018062800,12894
1094,The_Big_Bang_Theory,2018062900,12691
1095,The_Big_Bang_Theory,2018063000,10145
1096,The_Big_Bang_Theory,2018070100,13304
1097,The_Big_Bang_Theory,2018070200,14001
1098,The_Big_Bang_Theory,2018070300,11899
1099,The_Big_Bang_Theory,2018070400,12737
1100,The_Big_Bang_Theory,2018070500,11866
1101,The_Big_Bang_Theory,2018070600,11754
1102,The_Big_Bang_Theory,2018070700,9892
1103,The_Big_Bang_Theory,2018070800,11642
1104,The_Big_Bang_Theory,2018070900,12341
1105,The_Big_Bang_Theory,2018071000,11531
1106,The_Big_Bang_Theory,2018071100,10893
1107,The_Big_Bang_Theory,2018071200,11114
1108,The_Big_Bang_Theory,2018071300,11390
1109,The_Big_Bang_Theory,2018071400,10068
1110,The_Big_Bang_Theory,2018071500,11168
1111,The_Big_Bang_Theory,2018071600,11765
1112,The_Big_Bang_Theory,2018071700,13145
1113,The_Big_Bang_Theory,2018071800,11630
1114,The_Big_Bang_Theory,2018071900,11424
1115,The_Big_Bang_Theory,2018072000,11192
1116,The_Big_Bang_Theory,2018072100,10492
1117,The_Big_Bang_Theory,2018072200,11891
1118,The_Big_Bang_Theory,2018072300,12958
1119,The_Big_Bang_Theory,2018072400,11661
1120,The_Big_Bang_Theory,2018072500,11644
1121,The_Big_Bang_Theory,2018072600,11636
1122,The_Big_Bang_Theory,2018072700,10658
1123,The_Big_Bang_Theory,2018072800,11125
1124,The_Big_Bang_Theory,2018072900,12770
1125,The_Big_Bang_Theory,2018073000,11937
1126,The_Big_Bang_Theory,2018073100,11077
1127,The_Big_Bang_Theory,2018080100,11657
1128,The_Big_Bang_Theory,2018080200,11177
1129,The_Big_Bang_Theory,2018080300,10391
1130,The_Big_Bang_Theory,2018080400,9761
1131,The_Big_Bang_Theory,2018080500,13262
1132,The_Big_Bang_Theory,2018080600,12446
1133,The_Big_Bang_Theory,2018080700,11260
1134,The_Big_Bang_Theory,2018080800,11276
1135,The_Big_Bang_Theory,2018080900,11571
1136,The_Big_Bang_Theory,2018081000,11276
1137,The_Big_Bang_Theory,2018081100,10221
1138,The_Big_Bang_Theory,2018081200,11581
1139,The_Big_Bang_Theory,2018081300,11157
1140,The_Big_Bang_Theory,2018081400,10854
1141,The_Big_Bang_Theory,2018081500,11302
1142,The_Big_Bang_Theory,2018081600,10826
1143,The_Big_Bang_Theory,2018081700,11092
1144,The_Big_Bang_Theory,2018081800,9735
1145,The_Big_Bang_Theory,2018081900,11192
1146,The_Big_Bang_Theory,2018082000,10449
1147,The_Big_Bang_Theory,2018082100,10371
1148,The_Big_Bang_Theory,2018082200,35216
1149,The_Big_Bang_Theory,2018082300,69020
1150,The_Big_Bang_Theory,2018082400,43029
1151,The_Big_Bang_Theory,2018082500,32016
1152,The_Big_Bang_Theory,2018082600,34024
1153,The_Big_Bang_Theory,2018082700,27967
1154,The_Big_Bang_Theory,2018082800,19001
1155,The_Big_Bang_Theory,2018082900,15797
1156,The_Big_Bang_Theory,2018083000,14570
1157,The_Big_Bang_Theory,2018083100,15120
1158,The_Big_Bang_Theory,2018090100,12284
1159,The_Big_Bang_Theory,2018090200,13383
1160,The_Big_Bang_Theory,2018090300,13166
1161,The_Big_Bang_Theory,2018090400,13261
1162,The_Big_Bang_Theory,2018090500,13173
1163,The_Big_Bang_Theory,2018090600,12652
1164,The_Big_Bang_Theory,2018090700,12165
1165,The_Big_Bang_Theory,2018090800,10959
1166,The_Big_Bang_Theory,2018090900,13645
1167,The_Big_Bang_Theory,2018091000,12971
1168,The_Big_Bang_Theory,2018091100,12506
1169,The_Big_Bang_Theory,2018091200,12874
1170,The_Big_Bang_Theory,2018091300,12814
1171,The_Big_Bang_Theory,2018091400,12383
1172,The_Big_Bang_Theory,2018091500,11031
1173,The_Big_Bang_Theory,2018091600,13520
1174,The_Big_Bang_Theory,2018091700,13022
1175,The_Big_Bang_Theory,2018091800,12769
1176,The_Big_Bang_Theory,2018091900,13265
1177,The_Big_Bang_Theory,2018092000,14286
1178,The_Big_Bang_Theory,2018092100,15272
1179,The_Big_Bang_Theory,2018092200,12867
1180,The_Big_Bang_Theory,2018092300,14988
1181,The_Big_Bang_Theory,2018092400,17754
1182,The_Big_Bang_Theory,2018092500,23670
1183,The_Big_Bang_Theory,2018092600,17362
1184,The_Big_Bang_Theory,2018092700,15626
1185,The_Big_Bang_Theory,2018092800,17996
1186,The_Big_Bang_Theory,2018092900,14223
1187,The_Big_Bang_Theory,2018093000,15819
1188,The_Big_Bang_Theory,2018100100,15563
1189,The_Big_Bang_Theory,2018100200,15569
1190,The_Big_Bang_Theory,2018100300,14696
1191,The_Big_Bang_Theory,2018100400,15580
1192,The_Big_Bang_Theory,2018100500,17895
1193,The_Big_Bang_Theory,2018100600,13897
1194,The_Big_Bang_Theory,2018100700,14282
1195,The_Big_Bang_Theory,2018100800,15230
1196,The_Big_Bang_Theory,2018100900,14407
1197,The_Big_Bang_Theory,2018101000,13966
1198,The_Big_Bang_Theory,2018101100,15574
1199,The_Big_Bang_Theory,2018101200,17197
1200,The_Big_Bang_Theory,2018101300,14472
1201,The_Big_Bang_Theory,2018101400,14556
1202,The_Big_Bang_Theory,2018101500,14959
1203,The_Big_Bang_Theory,2018101600,15241
1204,The_Big_Bang_Theory,2018101700,14776
1205,The_Big_Bang_Theory,2018101800,16290
1206,The_Big_Bang_Theory,2018101900,17245
1207,The_Big_Bang_Theory,2018102000,14789
1208,The_Big_Bang_Theory,2018102100,15084
1209,The_Big_Bang_Theory,2018102200,15165
1210,The_Big_Bang_Theory,2018102300,13769
1211,The_Big_Bang_Theory,2018102400,14102
1212,The_Big_Bang_Theory,2018102500,15701
1213,The_Big_Bang_Theory,2018102600,18274
1214,The_Big_Bang_Theory,2018102700,13836
1215,The_Big_Bang_Theory,2018102800,13955
1216,The_Big_Bang_Theory,2018102900,14222
1217,The_Big_Bang_Theory,2018103000,13722
1218,The_Big_Bang_Theory,2018103100,13259
1219,The_Big_Bang_Theory,2018110100,15613
1220,The_Big_Bang_Theory,2018110200,17895
1221,The_Big_Bang_Theory,2018110300,14895
1222,The_Big_Bang_Theory,2018110400,16268
1223,The_Big_Bang_Theory,2018110500,16572
1224,The_Big_Bang_Theory,2018110600,15889
1225,The_Big_Bang_Theory,2018110700,14923
1226,The_Big_Bang_Theory,2018110800,15984
1227,The_Big_Bang_Theory,2018110900,20232
1228,The_Big_Bang_Theory,2018111000,16239
1229,The_Big_Bang_Theory,2018111100,16456
1230,The_Big_Bang_Theory,2018111200,18383
1231,The_Big_Bang_Theory,2018111300,17620
1232,The_Big_Bang_Theory,2018111400,16093
1233,The_Big_Bang_Theory,2018111500,16187
1234,The_Big_Bang_Theory,2018111600,19431
1235,The_Big_Bang_Theory,2018111700,16316
1236,The_Big_Bang_Theory,2018111800,16147
1237,The_Big_Bang_Theory,2018111900,16056
1238,The_Big_Bang_Theory,2018112000,14658
1239,The_Big_Bang_Theory,2018112100,14893
1240,The_Big_Bang_Theory,2018112200,17096
1241,The_Big_Bang_Theory,2018112300,20479
1242,The_Big_Bang_Theory,2018112400,15753
1243,The_Big_Bang_Theory,2018112500,16385
1244,The_Big_Bang_Theory,2018112600,16338
1245,The_Big_Bang_Theory,2018112700,15441
1246,The_Big_Bang_Theory,2018112800,14206
1247,The_Big_Bang_Theory,2018112900,15102
1248,The_Big_Bang_Theory,2018113000,20103
1249,The_Big_Bang_Theory,2018120100,14127
1250,The_Big_Bang_Theory,2018120200,14210
1251,The_Big_Bang_Theory,2018120300,13891
1252,The_Big_Bang_Theory,2018120400,13796
1253,The_Big_Bang_Theory,2018120500,13136
1254,The_Big_Bang_Theory,2018120600,14006
1255,The_Big_Bang_Theory,2018120700,16491
1256,The_Big_Bang_Theory,2018120800,13484
1257,The_Big_Bang_Theory,2018120900,13941
1258,The_Big_Bang_Theory,2018121000,13635
1259,The_Big_Bang_Theory,2018121100,12470
1260,The_Big_Bang_Theory,2018121200,12502
1261,The_Big_Bang_Theory,2018121300,12941
1262,The_Big_Bang_Theory,2018121400,16685
1263,The_Big_Bang_Theory,2018121500,12255
1264,The_Big_Bang_Theory,2018121600,12161
1265,The_Big_Bang_Theory,2018121700,12120
1266,The_Big_Bang_Theory,2018121800,12282
1267,The_Big_Bang_Theory,2018121900,11809
1268,The_Big_Bang_Theory,2018122000,12044
1269,The_Big_Bang_Theory,2018122100,12323
1270,The_Big_Bang_Theory,2018122200,10938
1271,The_Big_Bang_Theory,2018122300,16334
1272,The_Big_Bang_Theory,2018122400,12066
1273,The_Big_Bang_Theory,2018122500,11917
1274,The_Big_Bang_Theory,2018122600,13716
1275,The_Big_Bang_Theory,2018122700,13443
1276,The_Big_Bang_Theory,2018122800,14022
1277,The_Big_Bang_Theory,2018122900,13237
1278,The_Big_Bang_Theory,2018123000,14807
1279,The_Big_Bang_Theory,2018123100,14417
1280,The_Big_Bang_Theory,2019010100,15359
1281,The_Big_Bang_Theory,2019010200,16284
1282,The_Big_Bang_Theory,2019010300,18980
1283,The_Big_Bang_Theory,2019010400,24920
1284,The_Big_Bang_Theory,2019010500,17942
1285,The_Big_Bang_Theory,2019010600,18694
1286,The_Big_Bang_Theory,2019010700,20928
1287,The_Big_Bang_Theory,2019010800,17795
1288,The_Big_Bang_Theory,2019010900,15878
1289,The_Big_Bang_Theory,2019011000,17170
1290,The_Big_Bang_Theory,2019011100,21007
1291,The_Big_Bang_Theory,2019011200,17229
1292,The_Big_Bang_Theory,2019011300,17493
1293,The_Big_Bang_Theory,2019011400,17216
1294,The_Big_Bang_Theory,2019011500,14668
1295,The_Big_Bang_Theory,2019011600,14760
1296,The_Big_Bang_Theory,2019011700,16050
1297,The_Big_Bang_Theory,2019011800,19004
1298,The_Big_Bang_Theory,2019011900,14575
1299,The_Big_Bang_Theory,2019012000,14590
1300,The_Big_Bang_Theory,2019012100,14412
1301,The_Big_Bang_Theory,2019012200,14442
1302,The_Big_Bang_Theory,2019012300,14962
1303,The_Big_Bang_Theory,2019012400,14731
1304,The_Big_Bang_Theory,2019012500,20833
1305,The_Big_Bang_Theory,2019012600,14568
1306,The_Big_Bang_Theory,2019012700,14383
1307,The_Big_Bang_Theory,2019012800,13985
1308,The_Big_Bang_Theory,2019012900,14954
1309,The_Big_Bang_Theory,2019013000,14362
1310,The_Big_Bang_Theory,2019013100,21239
1311,The_Big_Bang_Theory,2019020100,23887
1312,The_Big_Bang_Theory,2019020200,18201
1313,The_Big_Bang_Theory,2019020300,19044
1314,The_Big_Bang_Theory,2019020400,21162
1315,The_Big_Bang_Theory,2019020500,16111
1316,The_Big_Bang_Theory,2019020600,15632
1317,The_Big_Bang_Theory,2019020700,15954
1318,The_Big_Bang_Theory,2019020800,23370
1319,The_Big_Bang_Theory,2019020900,17746
1320,The_Big_Bang_Theory,2019021000,16717
1321,The_Big_Bang_Theory,2019021100,15589
1322,The_Big_Bang_Theory,2019021200,14781
1323,The_Big_Bang_Theory,2019021300,15267
1324,The_Big_Bang_Theory,2019021400,14992
1325,The_Big_Bang_Theory,2019021500,20000
1326,The_Big_Bang_Theory,2019021600,15286
1327,The_Big_Bang_Theory,2019021700,16128
1328,The_Big_Bang_Theory,2019021800,15261
1329,The_Big_Bang_Theory,2019021900,14455
1330,The_Big_Bang_Theory,2019022000,14288
1331,The_Big_Bang_Theory,2019022100,16194
1332,The_Big_Bang_Theory,2019022200,19480
1333,The_Big_Bang_Theory,2019022300,16433
1334,The_Big_Bang_Theory,2019022400,16106
1335,The_Big_Bang_Theory,2019022500,16591
1336,The_Big_Bang_Theory,2019022600,13119
1337,The_Big_Bang_Theory,2019022700,13140
1338,The_Big_Bang_Theory,2019022800,14224
1339,The_Big_Bang_Theory,2019030100,18046
1340,The_Big_Bang_Theory,2019030200,14569
1341,The_Big_Bang_Theory,2019030300,14909
1342,The_Big_Bang_Theory,2019030400,14077
1343,The_Big_Bang_Theory,2019030500,12896
1344,The_Big_Bang_Theory,2019030600,13526
1345,The_Big_Bang_Theory,2019030700,14088
1346,The_Big_Bang_Theory,2019030800,17784
1347,The_Big_Bang_Theory,2019030900,13754
1348,The_Big_Bang_Theory,2019031000,14429
1349,The_Big_Bang_Theory,2019031100,14477
1350,The_Big_Bang_Theory,2019031200,15002
1351,The_Big_Bang_Theory,2019031300,14823
1352,The_Big_Bang_Theory,2019031400,15275
1353,The_Big_Bang_Theory,2019031500,20432
1354,The_Big_Bang_Theory,2019031600,14296
1355,The_Big_Bang_Theory,2019031700,14213
1356,The_Big_Bang_Theory,2019031800,14000
1357,The_Big_Bang_Theory,2019031900,13701
1358,The_Big_Bang_Theory,2019032000,13208
1359,The_Big_Bang_Theory,2019032100,14253
1360,The_Big_Bang_Theory,2019032200,16831
1361,The_Big_Bang_Theory,2019032300,13521
1362,The_Big_Bang_Theory,2019032400,13545
1363,The_Big_Bang_Theory,2019032500,13591
1364,The_Big_Bang_Theory,2019032600,12235
1365,The_Big_Bang_Theory,2019032700,13699
1366,The_Big_Bang_Theory,2019032800,15549
1367,The_Big_Bang_Theory,2019032900,17036
1368,The_Big_Bang_Theory,2019033000,13359
1369,The_Big_Bang_Theory,2019033100,13161
1370,The_Big_Bang_Theory,2019040100,13798
1371,The_Big_Bang_Theory,2019040200,13246
1372,The_Big_Bang_Theory,2019040300,14368
1373,The_Big_Bang_Theory,2019040400,15278
1374,The_Big_Bang_Theory,2019040500,18226
1375,The_Big_Bang_Theory,2019040600,13694
1376,The_Big_Bang_Theory,2019040700,13615
1377,The_Big_Bang_Theory,2019040800,13702
1378,The_Big_Bang_Theory,2019040900,13168
1379,The_Big_Bang_Theory,2019041000,12905
1380,The_Big_Bang_Theory,2019041100,13944
1381,The_Big_Bang_Theory,2019041200,16974
1382,The_Big_Bang_Theory,2019041300,13155
1383,The_Big_Bang_Theory,2019041400,13708
1384,The_Big_Bang_Theory,2019041500,13501
1385,The_Big_Bang_Theory,2019041600,12907
1386,The_Big_Bang_Theory,2019041700,13061
1387,The_Big_Bang_Theory,2019041800,14219
1388,The_Big_Bang_Theory,2019041900,18010
1389,The_Big_Bang_Theory,2019042000,12926
1390,The_Big_Bang_Theory,2019042100,12799
1391,The_Big_Bang_Theory,2019042200,13997
1392,The_Big_Bang_Theory,2019042300,12711
1393,The_Big_Bang_Theory,2019042400,14182
1394,The_Big_Bang_Theory,2019042500,19186
1395,The_Big_Bang_Theory,2019042600,19621
1396,The_Big_Bang_Theory,2019042700,14455
1397,The_Big_Bang_Theory,2019042800,14129
1398,The_Big_Bang_Theory,2019042900,13135
1399,The_Big_Bang_Theory,2019043000,16864
1400,The_Big_Bang_Theory,2019050100,22924
1401,The_Big_Bang_Theory,2019050200,25677
1402,The_Big_Bang_Theory,2019050300,26067
1403,The_Big_Bang_Theory,2019050400,20732
1404,The_Big_Bang_Theory,2019050500,18338
1405,The_Big_Bang_Theory,2019050600,17408
1406,The_Big_Bang_Theory,2019050700,16217
1407,The_Big_Bang_Theory,2019050800,17641
1408,The_Big_Bang_Theory,2019050900,21714
1409,The_Big_Bang_Theory,2019051000,34045
1410,The_Big_Bang_Theory,2019051100,23075
1411,The_Big_Bang_Theory,2019051200,20389
1412,The_Big_Bang_Theory,2019051300,21074
1413,The_Big_Bang_Theory,2019051400,22373
1414,The_Big_Bang_Theory,2019051500,25151
1415,The_Big_Bang_Theory,2019051600,48102
1416,The_Big_Bang_Theory,2019051700,161636
1417,The_Big_Bang_Theory,2019051800,70559
1418,The_Big_Bang_Theory,2019051900,45740
1419,The_Big_Bang_Theory,2019052000,36543
1420,The_Big_Bang_Theory,2019052100,34724
1421,The_Big_Bang_Theory,2019052200,27433
1422,The_Big_Bang_Theory,2019052300,29511
1423,The_Big_Bang_Theory,2019052400,24279
1424,The_Big_Bang_Theory,2019052500,21505
1425,The_Big_Bang_Theory,2019052600,21259
1426,The_Big_Bang_Theory,2019052700,19899
1427,The_Big_Bang_Theory,2019052800,18069
1428,The_Big_Bang_Theory,2019052900,16606
1429,The_Big_Bang_Theory,2019053000,15268
1430,The_Big_Bang_Theory,2019053100,14009
1431,The_Big_Bang_Theory,2019060100,12324
1432,The_Big_Bang_Theory,2019060200,15000
1433,The_Big_Bang_Theory,2019060300,17572
1434,The_Big_Bang_Theory,2019060400,14605
1435,The_Big_Bang_Theory,2019060500,15588
1436,The_Big_Bang_Theory,2019060600,13752
1437,The_Big_Bang_Theory,2019060700,12748
1438,The_Big_Bang_Theory,2019060800,11983
1439,The_Big_Bang_Theory,2019060900,13499
1440,The_Big_Bang_Theory,2019061000,14283
1441,The_Big_Bang_Theory,2019061100,12418
1442,The_Big_Bang_Theory,2019061200,13264
1443,The_Big_Bang_Theory,2019061300,12475
1444,The_Big_Bang_Theory,2019061400,11516
1445,The_Big_Bang_Theory,2019061500,11870
1446,The_Big_Bang_Theory,2019061600,13270
1447,The_Big_Bang_Theory,2019061700,13954
1448,The_Big_Bang_Theory,2019061800,13348
1449,The_Big_Bang_Theory,2019061900,13138
1450,The_Big_Bang_Theory,2019062000,11948
1451,The_Big_Bang_Theory,2019062100,11095
1452,The_Big_Bang_Theory,2019062200,10273
1453,The_Big_Bang_Theory,2019062300,12029
1454,The_Big_Bang_Theory,2019062400,12103
1455,The_Big_Bang_Theory,2019062500,11756
1456,The_Big_Bang_Theory,2019062600,11571
1457,The_Big_Bang_Theory,2019062700,10335
1458,The_Big_Bang_Theory,2019062800,9375
1459,The_Big_Bang_Theory,2019062900,9185
1460,The_Big_Bang_Theory,2019063000,10586
1461,The_Big_Bang_Theory,2019070100,11743
1462,The_Big_Bang_Theory,2019070200,12781
1463,The_Big_Bang_Theory,2019070300,16293
1464,The_Big_Bang_Theory,2019070400,13807
1465,The_Big_Bang_Theory,2019070500,13323
1466,The_Big_Bang_Theory,2019070600,13594
1467,The_Big_Bang_Theory,2019070700,15683
1468,The_Big_Bang_Theory,2019070800,14277
1469,The_Big_Bang_Theory,2019070900,13875
1470,The_Big_Bang_Theory,2019071000,13873
1471,The_Big_Bang_Theory,2019071100,13967
1472,The_Big_Bang_Theory,2019071200,13557
1473,The_Big_Bang_Theory,2019071300,13678
1474,The_Big_Bang_Theory,2019071400,14653
1475,The_Big_Bang_Theory,2019071500,14245
1476,The_Big_Bang_Theory,2019071600,14510
1477,The_Big_Bang_Theory,2019071700,15080
1478,The_Big_Bang_Theory,2019071800,13751
1479,The_Big_Bang_Theory,2019071900,12555
1480,The_Big_Bang_Theory,2019072000,13463
1481,The_Big_Bang_Theory,2019072100,14395
1482,The_Big_Bang_Theory,2019072200,13562
1483,The_Big_Bang_Theory,2019072300,12598
1484,The_Big_Bang_Theory,2019072400,12808
1485,The_Big_Bang_Theory,2019072500,12034
1486,The_Big_Bang_Theory,2019072600,12209
1487,The_Big_Bang_Theory,2019072700,12182
1488,The_Big_Bang_Theory,2019072800,13323
1489,The_Big_Bang_Theory,2019072900,12754
1490,The_Big_Bang_Theory,2019073000,12329
1491,The_Big_Bang_Theory,2019073100,12520
1492,The_Big_Bang_Theory,2019080100,11909
1493,The_Big_Bang_Theory,2019080200,11470
1494,The_Big_Bang_Theory,2019080300,11042
1495,The_Big_Bang_Theory,2019080400,12304
1496,The_Big_Bang_Theory,2019080500,11871
1497,The_Big_Bang_Theory,2019080600,12025
1498,The_Big_Bang_Theory,2019080700,12514
1499,The_Big_Bang_Theory,2019080800,11827
1500,The_Big_Bang_Theory,2019080900,10998
1501,The_Big_Bang_Theory,2019081000,11006
1502,The_Big_Bang_Theory,2019081100,12216
1503,The_Big_Bang_Theory,2019081200,12640
1504,The_Big_Bang_Theory,2019081300,12802
1505,The_Big_Bang_Theory,2019081400,12091
1506,The_Big_Bang_Theory,2019081500,12828
1507,The_Big_Bang_Theory,2019081600,11730
1508,The_Big_Bang_Theory,2019081700,11058
1509,The_Big_Bang_Theory,2019081800,12022
1510,The_Big_Bang_Theory,2019081900,12050
1511,The_Big_Bang_Theory,2019082000,12186
1512,The_Big_Bang_Theory,2019082100,11776
1513,The_Big_Bang_Theory,2019082200,11265
1514,The_Big_Bang_Theory,2019082300,10666
1515,The_Big_Bang_Theory,2019082400,10367
1516,The_Big_Bang_Theory,2019082500,11505
1517,The_Big_Bang_Theory,2019082600,12095
1518,The_Big_Bang_Theory,2019082700,11608
1519,The_Big_Bang_Theory,2019082800,10967
1520,The_Big_Bang_Theory,2019082900,10835
1521,The_Big_Bang_Theory,2019083000,10242
1522,The_Big_Bang_Theory,2019083100,9599
1523,The_Big_Bang_Theory,2019090100,11125
1524,The_Big_Bang_Theory,2019090200,10790
1525,The_Big_Bang_Theory,2019090300,10780
1526,The_Big_Bang_Theory,2019090400,10812
1527,The_Big_Bang_Theory,2019090500,10508
1528,The_Big_Bang_Theory,2019090600,9639
1529,The_Big_Bang_Theory,2019090700,9288
1530,The_Big_Bang_Theory,2019090800,11133
1531,The_Big_Bang_Theory,2019090900,11334
1532,The_Big_Bang_Theory,2019091000,10967
1533,The_Big_Bang_Theory,2019091100,10750
1534,The_Big_Bang_Theory,2019091200,10570
1535,The_Big_Bang_Theory,2019091300,9983
1536,The_Big_Bang_Theory,2019091400,9710
1537,The_Big_Bang_Theory,2019091500,11187
1538,The_Big_Bang_Theory,2019091600,11090
1539,The_Big_Bang_Theory,2019091700,12864
1540,The_Big_Bang_Theory,2019091800,11607
1541,The_Big_Bang_Theory,2019091900,10672
1542,The_Big_Bang_Theory,2019092000,10589
1543,The_Big_Bang_Theory,2019092100,9202
1544,The_Big_Bang_Theory,2019092200,10853
1545,The_Big_Bang_Theory,2019092300,13383
1546,The_Big_Bang_Theory,2019092400,10531
1547,The_Big_Bang_Theory,2019092500,10693
1548,The_Big_Bang_Theory,2019092600,10836
1549,The_Big_Bang_Theory,2019092700,10078
1550,The_Big_Bang_Theory,2019092800,9349
1551,The_Big_Bang_Theory,2019092900,10891
1552,The_Big_Bang_Theory,2019093000,10371
1553,The_Big_Bang_Theory,2019100100,11985
1554,The_Big_Bang_Theory,2019100200,11785
1555,The_Big_Bang_Theory,2019100300,11532
1556,The_Big_Bang_Theory,2019100400,10682
1557,The_Big_Bang_Theory,2019100500,11056
1558,The_Big_Bang_Theory,2019100600,12358
1559,The_Big_Bang_Theory,2019100700,11911
1560,The_Big_Bang_Theory,2019100800,11606
1561,The_Big_Bang_Theory,2019100900,12508
1562,The_Big_Bang_Theory,2019101000,11275
1563,The_Big_Bang_Theory,2019101100,11030
1564,The_Big_Bang_Theory,2019101200,10608
1565,The_Big_Bang_Theory,2019101300,11399
1566,The_Big_Bang_Theory,2019101400,11527
1567,The_Big_Bang_Theory,2019101500,10591
1568,The_Big_Bang_Theory,2019101600,10682
1569,The_Big_Bang_Theory,2019101700,11102
1570,The_Big_Bang_Theory,2019101800,10716
1571,The_Big_Bang_Theory,2019101900,10243
1572,The_Big_Bang_Theory,2019102000,12086
1573,The_Big_Bang_Theory,2019102100,11546
1574,The_Big_Bang_Theory,2019102200,10968
1575,The_Big_Bang_Theory,2019102300,10883
1576,The_Big_Bang_Theory,2019102400,9966
1577,The_Big_Bang_Theory,2019102500,10201
1578,The_Big_Bang_Theory,2019102600,9389
1579,The_Big_Bang_Theory,2019102700,10034
1580,The_Big_Bang_Theory,2019102800,10803
1581,The_Big_Bang_Theory,2019102900,10528
1582,The_Big_Bang_Theory,2019103000,11289
1583,The_Big_Bang_Theory,2019103100,10175
1584,The_Big_Bang_Theory,2019110100,9256
1585,The_Big_Bang_Theory,2019110200,9753
1586,The_Big_Bang_Theory,2019110300,10874
1587,The_Big_Bang_Theory,2019110400,11012
1588,The_Big_Bang_Theory,2019110500,10256
1589,The_Big_Bang_Theory,2019110600,10888
1590,The_Big_Bang_Theory,2019110700,10410
1591,The_Big_Bang_Theory,2019110800,9692
1592,The_Big_Bang_Theory,2019110900,9566
1593,The_Big_Bang_Theory,2019111000,10254
1594,The_Big_Bang_Theory,2019111100,11621
1595,The_Big_Bang_Theory,2019111200,10988
1596,The_Big_Bang_Theory,2019111300,12763
1597,The_Big_Bang_Theory,2019111400,11046
1598,The_Big_Bang_Theory,2019111500,9850
1599,The_Big_Bang_Theory,2019111600,9761
1600,The_Big_Bang_Theory,2019111700,15870
1601,The_Big_Bang_Theory,2019111800,13005
1602,The_Big_Bang_Theory,2019111900,10677
1603,The_Big_Bang_Theory,2019112000,9722
1604,The_Big_Bang_Theory,2019112100,9716
1605,The_Big_Bang_Theory,2019112200,9240
1606,The_Big_Bang_Theory,2019112300,8373
1607,The_Big_Bang_Theory,2019112400,9163
1608,The_Big_Bang_Theory,2019112500,10130
1609,The_Big_Bang_Theory,2019112600,9558
1610,The_Big_Bang_Theory,2019112700,9907
1611,The_Big_Bang_Theory,2019112800,9749
1612,The_Big_Bang_Theory,2019112900,9642
1613,The_Big_Bang_Theory,2019113000,8860
1614,The_Big_Bang_Theory,2019120100,10295
1615,The_Big_Bang_Theory,2019120200,10065
1616,The_Big_Bang_Theory,2019120300,8994
1617,The_Big_Bang_Theory,2019120400,9609
1618,The_Big_Bang_Theory,2019120500,9740
1619,The_Big_Bang_Theory,2019120600,9458
1620,The_Big_Bang_Theory,2019120700,8194
1621,The_Big_Bang_Theory,2019120800,8833
1622,The_Big_Bang_Theory,2019120900,9138
1623,The_Big_Bang_Theory,2019121000,8896
1624,The_Big_Bang_Theory,2019121100,9442
1625,The_Big_Bang_Theory,2019121200,8906
1626,The_Big_Bang_Theory,2019121300,8744
1627,The_Big_Bang_Theory,2019121400,8040
1628,The_Big_Bang_Theory,2019121500,8488
1629,The_Big_Bang_Theory,2019121600,11379
1630,The_Big_Bang_Theory,2019121700,8813
1631,The_Big_Bang_Theory,2019121800,9672
1632,The_Big_Bang_Theory,2019121900,8618
1633,The_Big_Bang_Theory,2019122000,8036
1634,The_Big_Bang_Theory,2019122100,7374
1635,The_Big_Bang_Theory,2019122200,8480
1636,The_Big_Bang_Theory,2019122300,8237
1637,The_Big_Bang_Theory,2019122400,8059
1638,The_Big_Bang_Theory,2019122500,8890
1639,The_Big_Bang_Theory,2019122600,9605
1640,The_Big_Bang_Theory,2019122700,10369
1641,The_Big_Bang_Theory,2019122800,9544
1642,The_Big_Bang_Theory,2019122900,10262
1643,The_Big_Bang_Theory,2019123000,10221
1644,The_Big_Bang_Theory,2019123100,9493
1645,The_Big_Bang_Theory,2020010100,10548
1646,The_Big_Bang_Theory,2020010200,11161
1647,The_Big_Bang_Theory,2020010300,12355
1648,The_Big_Bang_Theory,2020010400,10328
1649,The_Big_Bang_Theory,2020010500,10949
1650,The_Big_Bang_Theory,2020010600,10163
1651,The_Big_Bang_Theory,2020010700,9272
1652,The_Big_Bang_Theory,2020010800,10676
1653,The_Big_Bang_Theory,2020010900,10287
1654,The_Big_Bang_Theory,2020011000,10757
1655,The_Big_Bang_Theory,2020011100,10485
1656,The_Big_Bang_Theory,2020011200,11205
1657,The_Big_Bang_Theory,2020011300,9887
1658,The_Big_Bang_Theory,2020011400,9557
1659,The_Big_Bang_Theory,2020011500,9760
1660,The_Big_Bang_Theory,2020011600,11066
1661,The_Big_Bang_Theory,2020011700,11521
1662,The_Big_Bang_Theory,2020011800,13198
1663,The_Big_Bang_Theory,2020011900,11182
1664,The_Big_Bang_Theory,2020012000,10767
1665,The_Big_Bang_Theory,2020012100,9644
1666,The_Big_Bang_Theory,2020012200,10076
1667,The_Big_Bang_Theory,2020012300,9979
1668,The_Big_Bang_Theory,2020012400,10590
1669,The_Big_Bang_Theory,2020012500,9371
1670,The_Big_Bang_Theory,2020012600,9431
1671,The_Big_Bang_Theory,2020012700,9403
1672,The_Big_Bang_Theory,2020012800,9169
1673,The_Big_Bang_Theory,2020012900,9703
1674,The_Big_Bang_Theory,2020013000,9506
1675,The_Big_Bang_Theory,2020013100,8930
1676,The_Big_Bang_Theory,2020020100,8618
1677,The_Big_Bang_Theory,2020020200,9663
1678,The_Big_Bang_Theory,2020020300,9349
1679,The_Big_Bang_Theory,2020020400,8734
1680,The_Big_Bang_Theory,2020020500,9107
1681,The_Big_Bang_Theory,2020020600,9181
1682,The_Big_Bang_Theory,2020020700,8693
1683,The_Big_Bang_Theory,2020020800,8492
1684,The_Big_Bang_Theory,2020020900,9534
1685,The_Big_Bang_Theory,2020021000,9316
1686,The_Big_Bang_Theory,2020021100,8391
1687,The_Big_Bang_Theory,2020021200,9071
1688,The_Big_Bang_Theory,2020021300,9258
1689,The_Big_Bang_Theory,2020021400,8678
1690,The_Big_Bang_Theory,2020021500,8539
1691,The_Big_Bang_Theory,2020021600,9234
1692,The_Big_Bang_Theory,2020021700,8881
1693,The_Big_Bang_Theory,2020021800,8874
1694,The_Big_Bang_Theory,2020021900,9346
1695,The_Big_Bang_Theory,2020022000,9153
1696,The_Big_Bang_Theory,2020022100,9479
1697,The_Big_Bang_Theory,2020022200,8805
1698,The_Big_Bang_Theory,2020022300,9148
1699,The_Big_Bang_Theory,2020022400,9340
1700,The_Big_Bang_Theory,2020022500,8732
1701,The_Big_Bang_Theory,2020022600,9227
1702,The_Big_Bang_Theory,2020022700,8924
1703,The_Big_Bang_Theory,2020022800,8891
1704,The_Big_Bang_Theory,2020022900,8400
1705,The_Big_Bang_Theory,2020030100,8662
1706,The_Big_Bang_Theory,2020030200,8743
1707,The_Big_Bang_Theory,2020030300,8385
1708,The_Big_Bang_Theory,2020030400,8622
1709,The_Big_Bang_Theory,2020030500,8440
1710,The_Big_Bang_Theory,2020030600,8736
1711,The_Big_Bang_Theory,2020030700,8075
1712,The_Big_Bang_Theory,2020030800,8514
1713,The_Big_Bang_Theory,2020030900,8339
1714,The_Big_Bang_Theory,2020031000,8263
1715,The_Big_Bang_Theory,2020031100,9894
1716,The_Big_Bang_Theory,2020031200,8113
1717,The_Big_Bang_Theory,2020031300,8103
1718,The_Big_Bang_Theory,2020031400,8498
1719,The_Big_Bang_Theory,2020031500,9372
1720,The_Big_Bang_Theory,2020031600,8699
1721,The_Big_Bang_Theory,2020031700,8535
1722,The_Big_Bang_Theory,2020031800,9139
1723,The_Big_Bang_Theory,2020031900,9473
1724,The_Big_Bang_Theory,2020032000,10228
1725,The_Big_Bang_Theory,2020032100,10732
1726,The_Big_Bang_Theory,2020032200,11334
1727,The_Big_Bang_Theory,2020032300,10375
1728,The_Big_Bang_Theory,2020032400,10506
1729,The_Big_Bang_Theory,2020032500,10802
1730,The_Big_Bang_Theory,2020032600,11597
1731,The_Big_Bang_Theory,2020032700,11247
1732,The_Big_Bang_Theory,2020032800,12234
1733,The_Big_Bang_Theory,2020032900,12780
1734,The_Big_Bang_Theory,2020033000,11816
1735,The_Big_Bang_Theory,2020033100,11835
1736,The_Big_Bang_Theory,2020040100,12651
1737,The_Big_Bang_Theory,2020040200,12960
1738,The_Big_Bang_Theory,2020040300,12007
1739,The_Big_Bang_Theory,2020040400,12246
1740,The_Big_Bang_Theory,2020040500,12302
1741,The_Big_Bang_Theory,2020040600,11713
1742,The_Big_Bang_Theory,2020040700,11760
1743,The_Big_Bang_Theory,2020040800,12237
1744,The_Big_Bang_Theory,2020040900,13716
1745,The_Big_Bang_Theory,2020041000,14576
1746,The_Big_Bang_Theory,2020041100,13193
1747,The_Big_Bang_Theory,2020041200,14578
1748,The_Big_Bang_Theory,2020041300,13241
1749,The_Big_Bang_Theory,2020041400,13027
1750,The_Big_Bang_Theory,2020041500,13862
1751,The_Big_Bang_Theory,2020041600,13913
1752,The_Big_Bang_Theory,2020041700,13829
1753,The_Big_Bang_Theory,2020041800,13489
1754,The_Big_Bang_Theory,2020041900,14039
1755,The_Big_Bang_Theory,2020042000,12809
1756,The_Big_Bang_Theory,2020042100,12768
1757,The_Big_Bang_Theory,2020042200,13503
1758,The_Big_Bang_Theory,2020042300,13136
1759,The_Big_Bang_Theory,2020042400,13961
1760,The_Big_Bang_Theory,2020042500,13503
1761,The_Big_Bang_Theory,2020042600,14453
1762,The_Big_Bang_Theory,2020042700,13525
1763,The_Big_Bang_Theory,2020042800,13345
1764,The_Big_Bang_Theory,2020042900,13656
1765,The_Big_Bang_Theory,2020043000,13597
1766,The_Big_Bang_Theory,2020050100,15824
1767,The_Big_Bang_Theory,2020050200,14771
1768,The_Big_Bang_Theory,2020050300,14890
1769,The_Big_Bang_Theory,2020050400,15022
1770,The_Big_Bang_Theory,2020050500,14990
1771,The_Big_Bang_Theory,2020050600,13844
1772,The_Big_Bang_Theory,2020050700,13328
1773,The_Big_Bang_Theory,2020050800,13220
1774,The_Big_Bang_Theory,2020050900,12780
1775,The_Big_Bang_Theory,2020051000,13081
1776,The_Big_Bang_Theory,2020051100,12725
1777,The_Big_Bang_Theory,2020051200,11979
1778,The_Big_Bang_Theory,2020051300,12850
1779,The_Big_Bang_Theory,2020051400,13586
1780,The_Big_Bang_Theory,2020051500,13385
1781,The_Big_Bang_Theory,2020051600,13088
1782,The_Big_Bang_Theory,2020051700,14317
1783,The_Big_Bang_Theory,2020051800,13008
1784,The_Big_Bang_Theory,2020051900,12701
1785,The_Big_Bang_Theory,2020052000,12868
1786,The_Big_Bang_Theory,2020052100,13423
1787,The_Big_Bang_Theory,2020052200,14541
1788,The_Big_Bang_Theory,2020052300,12816
1789,The_Big_Bang_Theory,2020052400,13227
1790,The_Big_Bang_Theory,2020052500,12544
1791,The_Big_Bang_Theory,2020052600,12406
1792,The_Big_Bang_Theory,2020052700,12882
1793,The_Big_Bang_Theory,2020052800,13449
1794,The_Big_Bang_Theory,2020052900,16182
1795,The_Big_Bang_Theory,2020053000,12791
1796,The_Big_Bang_Theory,2020053100,12865
1797,The_Big_Bang_Theory,2020060100,11590
1798,The_Big_Bang_Theory,2020060200,11197
1799,The_Big_Bang_Theory,2020060300,12949
1800,The_Big_Bang_Theory,2020060400,12494
1801,The_Big_Bang_Theory,2020060500,12780
1802,The_Big_Bang_Theory,2020060600,12131
1803,The_Big_Bang_Theory,2020060700,12770
1804,The_Big_Bang_Theory,2020060800,12473
1805,The_Big_Bang_Theory,2020060900,12205
1806,The_Big_Bang_Theory,2020061000,12891
1807,The_Big_Bang_Theory,2020061100,12853
1808,The_Big_Bang_Theory,2020061200,11648
1809,The_Big_Bang_Theory,2020061300,10813
1810,The_Big_Bang_Theory,2020061400,12030
1811,The_Big_Bang_Theory,2020061500,11789
1812,The_Big_Bang_Theory,2020061600,11185
1813,The_Big_Bang_Theory,2020061700,11763
1814,The_Big_Bang_Theory,2020061800,11607
1815,The_Big_Bang_Theory,2020061900,10797
1816,The_Big_Bang_Theory,2020062000,11640
1817,The_Big_Bang_Theory,2020062100,11855
1818,The_Big_Bang_Theory,2020062200,11422
1819,The_Big_Bang_Theory,2020062300,10954
1820,The_Big_Bang_Theory,2020062400,11770
1821,The_Big_Bang_Theory,2020062500,11328
1822,The_Big_Bang_Theory,2020062600,11223
1823,The_Big_Bang_Theory,2020062700,10853
1824,The_Big_Bang_Theory,2020062800,11345
1825,The_Big_Bang_Theory,2020062900,10995
1826,The_Big_Bang_Theory,2020063000,10109
1827,The_Big_Bang_Theory,2020070100,10335
1828,The_Big_Bang_Theory,2020070200,10570
1829,The_Big_Bang_Theory,2020070300,10778
1830,The_Big_Bang_Theory,2020070400,9806
1831,The_Big_Bang_Theory,2020070500,10476
1832,The_Big_Bang_Theory,2020070600,10609
1833,The_Big_Bang_Theory,2020070700,9899
1834,The_Big_Bang_Theory,2020070800,10683
1835,The_Big_Bang_Theory,2020070900,10916
1836,The_Big_Bang_Theory,2020071000,10461
1837,The_Big_Bang_Theory,2020071100,9757
1838,The_Big_Bang_Theory,2020071200,10732
1839,The_Big_Bang_Theory,2020071300,11013
1840,The_Big_Bang_Theory,2020071400,11300
1841,The_Big_Bang_Theory,2020071500,12321
1842,The_Big_Bang_Theory,2020071600,12539
1843,The_Big_Bang_Theory,2020071700,12327
1844,The_Big_Bang_Theory,2020071800,11206
1845,The_Big_Bang_Theory,2020071900,11917
1846,The_Big_Bang_Theory,2020072000,13089
1847,The_Big_Bang_Theory,2020072100,11150
1848,The_Big_Bang_Theory,2020072200,11162
1849,The_Big_Bang_Theory,2020072300,11524
1850,The_Big_Bang_Theory,2020072400,10502
1851,The_Big_Bang_Theory,2020072500,10376
1852,The_Big_Bang_Theory,2020072600,11401
1853,The_Big_Bang_Theory,2020072700,11502
1854,The_Big_Bang_Theory,2020072800,10948
1855,The_Big_Bang_Theory,2020072900,10939
1856,The_Big_Bang_Theory,2020073000,10939
1857,The_Big_Bang_Theory,2020073100,9947
1858,The_Big_Bang_Theory,2020080100,9837
1859,The_Big_Bang_Theory,2020080200,10729
1860,The_Big_Bang_Theory,2020080300,10693
1861,The_Big_Bang_Theory,2020080400,10216
1862,The_Big_Bang_Theory,2020080500,10263
1863,The_Big_Bang_Theory,2020080600,10724
1864,The_Big_Bang_Theory,2020080700,10103
1865,The_Big_Bang_Theory,2020080800,10239
1866,The_Big_Bang_Theory,2020080900,10853
1867,The_Big_Bang_Theory,2020081000,10647
1868,The_Big_Bang_Theory,2020081100,10752
1869,The_Big_Bang_Theory,2020081200,12896
1870,The_Big_Bang_Theory,2020081300,12687
1871,The_Big_Bang_Theory,2020081400,11812
1872,The_Big_Bang_Theory,2020081500,12167
1873,The_Big_Bang_Theory,2020081600,13090
1874,The_Big_Bang_Theory,2020081700,10867
1875,The_Big_Bang_Theory,2020081800,10444
1876,The_Big_Bang_Theory,2020081900,10984
1877,The_Big_Bang_Theory,2020082000,10885
1878,The_Big_Bang_Theory,2020082100,10705
1879,The_Big_Bang_Theory,2020082200,10553
1880,The_Big_Bang_Theory,2020082300,11693
1881,The_Big_Bang_Theory,2020082400,10955
1882,The_Big_Bang_Theory,2020082500,10732
1883,The_Big_Bang_Theory,2020082600,10705
1884,The_Big_Bang_Theory,2020082700,10975
1885,The_Big_Bang_Theory,2020082800,10818
1886,The_Big_Bang_Theory,2020082900,10051
1887,The_Big_Bang_Theory,2020083000,10613
1888,The_Big_Bang_Theory,2020083100,10834
1889,The_Big_Bang_Theory,2020090100,10908
1890,The_Big_Bang_Theory,2020090200,11248
1891,The_Big_Bang_Theory,2020090300,11368
1892,The_Big_Bang_Theory,2020090400,10940
1893,The_Big_Bang_Theory,2020090500,10326
1894,The_Big_Bang_Theory,2020090600,11049
1895,The_Big_Bang_Theory,2020090700,11562
1896,The_Big_Bang_Theory,2020090800,11009
1897,The_Big_Bang_Theory,2020090900,11096
1898,The_Big_Bang_Theory,2020091000,11414
1899,The_Big_Bang_Theory,2020091100,10563
1900,The_Big_Bang_Theory,2020091200,10524
1901,The_Big_Bang_Theory,2020091300,11307
1902,The_Big_Bang_Theory,2020091400,10747
1903,The_Big_Bang_Theory,2020091500,10939
1904,The_Big_Bang_Theory,2020091600,11316
1905,The_Big_Bang_Theory,2020091700,11800
1906,The_Big_Bang_Theory,2020091800,11008
1907,The_Big_Bang_Theory,2020091900,9948
1908,The_Big_Bang_Theory,2020092000,10769
1909,The_Big_Bang_Theory,2020092100,10834
1910,The_Big_Bang_Theory,2020092200,10312
1911,The_Big_Bang_Theory,2020092300,10979
1912,The_Big_Bang_Theory,2020092400,10720
1913,The_Big_Bang_Theory,2020092500,10659
1914,The_Big_Bang_Theory,2020092600,9791
1915,The_Big_Bang_Theory,2020092700,10465
1916,The_Big_Bang_Theory,2020092800,9565
1917,The_Big_Bang_Theory,2020092900,10160
1918,The_Big_Bang_Theory,2020093000,10947
1919,The_Big_Bang_Theory,2020100100,10794
1920,The_Big_Bang_Theory,2020100200,10509
1921,The_Big_Bang_Theory,2020100300,9466
1922,The_Big_Bang_Theory,2020100400,9765
1923,The_Big_Bang_Theory,2020100500,9873
1924,The_Big_Bang_Theory,2020100600,10256
1925,The_Big_Bang_Theory,2020100700,10295
1926,The_Big_Bang_Theory,2020100800,10058
1927,The_Big_Bang_Theory,2020100900,9838
1928,The_Big_Bang_Theory,2020101000,9558
1929,The_Big_Bang_Theory,2020101100,10710
1930,The_Big_Bang_Theory,2020101200,10404
1931,The_Big_Bang_Theory,2020101300,10569
1932,The_Big_Bang_Theory,2020101400,11227
1933,The_Big_Bang_Theory,2020101500,10933
1934,The_Big_Bang_Theory,2020101600,10917
1935,The_Big_Bang_Theory,2020101700,10372
1936,The_Big_Bang_Theory,2020101800,11125
1937,The_Big_Bang_Theory,2020101900,11235
1938,The_Big_Bang_Theory,2020102000,11043
1939,The_Big_Bang_Theory,2020102100,11128
1940,The_Big_Bang_Theory,2020102200,11462
1941,The_Big_Bang_Theory,2020102300,9784
1942,The_Big_Bang_Theory,2020102400,9463
1943,The_Big_Bang_Theory,2020102500,10493
1944,The_Big_Bang_Theory,2020102600,10442
1945,The_Big_Bang_Theory,2020102700,10361
1946,The_Big_Bang_Theory,2020102800,10471
1947,The_Big_Bang_Theory,2020102900,10327
1948,The_Big_Bang_Theory,2020103000,10173
1949,The_Big_Bang_Theory,2020103100,8904
1950,The_Big_Bang_Theory,2020110100,9701
1951,The_Big_Bang_Theory,2020110200,10746
1952,The_Big_Bang_Theory,2020110300,9884
1953,The_Big_Bang_Theory,2020110400,9390
1954,The_Big_Bang_Theory,2020110500,10151
1955,The_Big_Bang_Theory,2020110600,11224
1956,The_Big_Bang_Theory,2020110700,10328
1957,The_Big_Bang_Theory,2020110800,10233
1958,The_Big_Bang_Theory,2020110900,11271
1959,The_Big_Bang_Theory,2020111000,11056
1960,The_Big_Bang_Theory,2020111100,11710
1961,The_Big_Bang_Theory,2020111200,13377
1962,The_Big_Bang_Theory,2020111300,12159
1963,The_Big_Bang_Theory,2020111400,10919
1964,The_Big_Bang_Theory,2020111500,12242
1965,The_Big_Bang_Theory,2020111600,11052
1966,The_Big_Bang_Theory,2020111700,10700
1967,The_Big_Bang_Theory,2020111800,11150
1968,The_Big_Bang_Theory,2020111900,11740
1969,The_Big_Bang_Theory,2020112000,11046
1970,The_Big_Bang_Theory,2020112100,11100
1971,The_Big_Bang_Theory,2020112200,11897
1972,The_Big_Bang_Theory,2020112300,10755
1973,The_Big_Bang_Theory,2020112400,10805
1974,The_Big_Bang_Theory,2020112500,11170
1975,The_Big_Bang_Theory,2020112600,11468
1976,The_Big_Bang_Theory,2020112700,11788
1977,The_Big_Bang_Theory,2020112800,11501
1978,The_Big_Bang_Theory,2020112900,12541
1979,The_Big_Bang_Theory,2020113000,12468
1980,The_Big_Bang_Theory,2020120100,12188
1981,The_Big_Bang_Theory,2020120200,12178
1982,The_Big_Bang_Theory,2020120300,13511
1983,The_Big_Bang_Theory,2020120400,12513
1984,The_Big_Bang_Theory,2020120500,11676
1985,The_Big_Bang_Theory,2020120600,11485
1986,The_Big_Bang_Theory,2020120700,10998
1987,The_Big_Bang_Theory,2020120800,10649
1988,The_Big_Bang_Theory,2020120900,11323
1989,The_Big_Bang_Theory,2020121000,11532
1990,The_Big_Bang_Theory,2020121100,11846
1991,The_Big_Bang_Theory,2020121200,10629
1992,The_Big_Bang_Theory,2020121300,11490
1993,The_Big_Bang_Theory,2020121400,11071
1994,The_Big_Bang_Theory,2020121500,10314
1995,The_Big_Bang_Theory,2020121600,10759
1996,The_Big_Bang_Theory,2020121700,11532
1997,The_Big_Bang_Theory,2020121800,12155
1998,The_Big_Bang_Theory,2020121900,10601
1999,The_Big_Bang_Theory,2020122000,11282
2000,The_Big_Bang_Theory,2020122100,10962
2001,The_Big_Bang_Theory,2020122200,10800
2002,The_Big_Bang_Theory,2020122300,12258
2003,The_Big_Bang_Theory,2020122400,10870
2004,The_Big_Bang_Theory,2020122500,11031
2005,The_Big_Bang_Theory,2020122600,11449
2006,The_Big_Bang_Theory,2020122700,13663
2007,The_Big_Bang_Theory,2020122800,12854
2008,The_Big_Bang_Theory,2020122900,12231
2009,The_Big_Bang_Theory,2020123000,15052
2010,The_Big_Bang_Theory,2020123100,13937
2011,The_Big_Bang_Theory,2021010100,14121
2012,The_Big_Bang_Theory,2021010200,14314
2013,The_Big_Bang_Theory,2021010300,15865
2014,The_Big_Bang_Theory,2021010400,14674
2015,The_Big_Bang_Theory,2021010500,14767
2016,The_Big_Bang_Theory,2021010600,13969
2017,The_Big_Bang_Theory,2021010700,12463
2018,The_Big_Bang_Theory,2021010800,13413
2019,The_Big_Bang_Theory,2021010900,12397
2020,The_Big_Bang_Theory,2021011000,12491
2021,The_Big_Bang_Theory,2021011100,12076
2022,The_Big_Bang_Theory,2021011200,12160
2023,The_Big_Bang_Theory,2021011300,12243
2024,The_Big_Bang_Theory,2021011400,13109
2025,The_Big_Bang_Theory,2021011500,12067
2026,The_Big_Bang_Theory,2021011600,11938
2027,The_Big_Bang_Theory,2021011700,12156
2028,The_Big_Bang_Theory,2021011800,12231
2029,The_Big_Bang_Theory,2021011900,12854
2030,The_Big_Bang_Theory,2021012000,12669
2031,The_Big_Bang_Theory,2021012100,12981
2032,The_Big_Bang_Theory,2021012200,13802
2033,The_Big_Bang_Theory,2021012300,13676
2034,The_Big_Bang_Theory,2021012400,13866
2035,The_Big_Bang_Theory,2021012500,12747
2036,The_Big_Bang_Theory,2021012600,11990
2037,The_Big_Bang_Theory,2021012700,12200
2038,The_Big_Bang_Theory,2021012800,12047
2039,The_Big_Bang_Theory,2021012900,11710
2040,The_Big_Bang_Theory,2021013000,11853
2041,The_Big_Bang_Theory,2021013100,12136
2042,The_Big_Bang_Theory,2021020100,11606
2043,The_Big_Bang_Theory,2021020200,10957
2044,The_Big_Bang_Theory,2021020300,11854
2045,The_Big_Bang_Theory,2021020400,12286
2046,The_Big_Bang_Theory,2021020500,11643
2047,The_Big_Bang_Theory,2021020600,11065
2048,The_Big_Bang_Theory,2021020700,11458
2049,The_Big_Bang_Theory,2021020800,10637
2050,The_Big_Bang_Theory,2021020900,10776
2051,The_Big_Bang_Theory,2021021000,10938
2052,The_Big_Bang_Theory,2021021100,11182
2053,The_Big_Bang_Theory,2021021200,12737
2054,The_Big_Bang_Theory,2021021300,11761
2055,The_Big_Bang_Theory,2021021400,14077
2056,The_Big_Bang_Theory,2021021500,13665
2057,The_Big_Bang_Theory,2021021600,12212
2058,The_Big_Bang_Theory,2021021700,11796
2059,The_Big_Bang_Theory,2021021800,11161
2060,The_Big_Bang_Theory,2021021900,11566
2061,The_Big_Bang_Theory,2021022000,10603
2062,The_Big_Bang_Theory,2021022100,10910
2063,The_Big_Bang_Theory,2021022200,11001
2064,The_Big_Bang_Theory,2021022300,12880
2065,The_Big_Bang_Theory,2021022400,13900
2066,The_Big_Bang_Theory,2021022500,16926
2067,The_Big_Bang_Theory,2021022600,14109
2068,The_Big_Bang_Theory,2021022700,12671
2069,The_Big_Bang_Theory,2021022800,12750
2070,The_Big_Bang_Theory,2021030100,12881
2071,The_Big_Bang_Theory,2021030200,11955
2072,The_Big_Bang_Theory,2021030300,12890
2073,The_Big_Bang_Theory,2021030400,12189
2074,The_Big_Bang_Theory,2021030500,12539
2075,The_Big_Bang_Theory,2021030600,12265
2076,The_Big_Bang_Theory,2021030700,13078
2077,The_Big_Bang_Theory,2021030800,11551
2078,The_Big_Bang_Theory,2021030900,10895
2079,The_Big_Bang_Theory,2021031000,11162
2080,The_Big_Bang_Theory,2021031100,11369
2081,The_Big_Bang_Theory,2021031200,12687
2082,The_Big_Bang_Theory,2021031300,11465
2083,The_Big_Bang_Theory,2021031400,12673
2084,The_Big_Bang_Theory,2021031500,11676
2085,The_Big_Bang_Theory,2021031600,11753
2086,The_Big_Bang_Theory,2021031700,12153
2087,The_Big_Bang_Theory,2021031800,11711
2088,The_Big_Bang_Theory,2021031900,11902
2089,The_Big_Bang_Theory,2021032000,11731
2090,The_Big_Bang_Theory,2021032100,12662
2091,The_Big_Bang_Theory,2021032200,12477
2092,The_Big_Bang_Theory,2021032300,11927
2093,The_Big_Bang_Theory,2021032400,13074
2094,The_Big_Bang_Theory,2021032500,12955
2095,The_Big_Bang_Theory,2021032600,12280
2096,The_Big_Bang_Theory,2021032700,10994
2097,The_Big_Bang_Theory,2021032800,11479
2098,The_Big_Bang_Theory,2021032900,10959
2099,The_Big_Bang_Theory,2021033000,10584
2100,The_Big_Bang_Theory,2021033100,12778
2101,The_Big_Bang_Theory,2021040100,11918
2102,The_Big_Bang_Theory,2021040200,11538
2103,The_Big_Bang_Theory,2021040300,10513
2104,The_Big_Bang_Theory,2021040400,11826
2105,The_Big_Bang_Theory,2021040500,11951
2106,The_Big_Bang_Theory,2021040600,11445
2107,The_Big_Bang_Theory,2021040700,11469
2108,The_Big_Bang_Theory,2021040800,11254
2109,The_Big_Bang_Theory,2021040900,10843
2110,The_Big_Bang_Theory,2021041000,10496
2111,The_Big_Bang_Theory,2021041100,11560
2112,The_Big_Bang_Theory,2021041200,11744
2113,The_Big_Bang_Theory,2021041300,11322
2114,The_Big_Bang_Theory,2021041400,11354
2115,The_Big_Bang_Theory,2021041500,11254
2116,The_Big_Bang_Theory,2021041600,10239
2117,The_Big_Bang_Theory,2021041700,10206
2118,The_Big_Bang_Theory,2021041800,11148
2119,The_Big_Bang_Theory,2021041900,10473
2120,The_Big_Bang_Theory,2021042000,10333
2121,The_Big_Bang_Theory,2021042100,11163
2122,The_Big_Bang_Theory,2021042200,11805
2123,The_Big_Bang_Theory,2021042300,11108
2124,The_Big_Bang_Theory,2021042400,11960
2125,The_Big_Bang_Theory,2021042500,12331
2126,The_Big_Bang_Theory,2021042600,12389
2127,The_Big_Bang_Theory,2021042700,10919
2128,The_Big_Bang_Theory,2021042800,11672
2129,The_Big_Bang_Theory,2021042900,11160
2130,The_Big_Bang_Theory,2021043000,12477
2131,The_Big_Bang_Theory,2021050100,11366
2132,The_Big_Bang_Theory,2021050200,12300
2133,The_Big_Bang_Theory,2021050300,11923
2134,The_Big_Bang_Theory,2021050400,10978
2135,The_Big_Bang_Theory,2021050500,11002
2136,The_Big_Bang_Theory,2021050600,11281
2137,The_Big_Bang_Theory,2021050700,12130
2138,The_Big_Bang_Theory,2021050800,11173
2139,The_Big_Bang_Theory,2021050900,11395
2140,The_Big_Bang_Theory,2021051000,11899
2141,The_Big_Bang_Theory,2021051100,10775
2142,The_Big_Bang_Theory,2021051200,13832
2143,The_Big_Bang_Theory,2021051300,11540
2144,The_Big_Bang_Theory,2021051400,11892
2145,The_Big_Bang_Theory,2021051500,11546
2146,The_Big_Bang_Theory,2021051600,12611
2147,The_Big_Bang_Theory,2021051700,11698
2148,The_Big_Bang_Theory,2021051800,11144
2149,The_Big_Bang_Theory,2021051900,12779
2150,The_Big_Bang_Theory,2021052000,12438
2151,The_Big_Bang_Theory,2021052100,11186
2152,The_Big_Bang_Theory,2021052200,10727
2153,The_Big_Bang_Theory,2021052300,11731
2154,The_Big_Bang_Theory,2021052400,11278
2155,The_Big_Bang_Theory,2021052500,10747
2156,The_Big_Bang_Theory,2021052600,11137
2157,The_Big_Bang_Theory,2021052700,12360
2158,The_Big_Bang_Theory,2021052800,12569
2159,The_Big_Bang_Theory,2021052900,12008
2160,The_Big_Bang_Theory,2021053000,12511
2161,The_Big_Bang_Theory,2021053100,14617
2162,The_Big_Bang_Theory,2021060100,14441
2163,The_Big_Bang_Theory,2021060200,13514
2164,The_Big_Bang_Theory,2021060300,12787
2165,The_Big_Bang_Theory,2021060400,11665
2166,The_Big_Bang_Theory,2021060500,11017
2167,The_Big_Bang_Theory,2021060600,11025
2168,The_Big_Bang_Theory,2021060700,11280
2169,The_Big_Bang_Theory,2021060800,11060
2170,The_Big_Bang_Theory,2021060900,11640
2171,The_Big_Bang_Theory,2021061000,11465
2172,The_Big_Bang_Theory,2021061100,10382
2173,The_Big_Bang_Theory,2021061200,10472
2174,The_Big_Bang_Theory,2021061300,10388
2175,The_Big_Bang_Theory,2021061400,10565
2176,The_Big_Bang_Theory,2021061500,10041
2177,The_Big_Bang_Theory,2021061600,9461
2178,The_Big_Bang_Theory,2021061700,9769
2179,The_Big_Bang_Theory,2021061800,8985
2180,The_Big_Bang_Theory,2021061900,8998
2181,The_Big_Bang_Theory,2021062000,9327
2182,The_Big_Bang_Theory,2021062100,9216
2183,The_Big_Bang_Theory,2021062200,9105
2184,The_Big_Bang_Theory,2021062300,9257
2185,The_Big_Bang_Theory,2021062400,9831
2186,The_Big_Bang_Theory,2021062500,9794
2187,The_Big_Bang_Theory,2021062600,9853
2188,The_Big_Bang_Theory,2021062700,10350
2189,The_Big_Bang_Theory,2021062800,9727
2190,The_Big_Bang_Theory,2021062900,9884
2191,The_Big_Bang_Theory,2021063000,9605
2192,The_Big_Bang_Theory,2021070100,9671
2193,The_Big_Bang_Theory,2021070200,9003
2194,The_Big_Bang_Theory,2021070300,8586
2195,The_Big_Bang_Theory,2021070400,9672
2196,The_Big_Bang_Theory,2021070500,9672
2197,The_Big_Bang_Theory,2021070600,9642
2198,The_Big_Bang_Theory,2021070700,9312
2199,The_Big_Bang_Theory,2021070800,9568
2200,The_Big_Bang_Theory,2021070900,9058
2201,The_Big_Bang_Theory,2021071000,10008
2202,The_Big_Bang_Theory,2021071100,9552
2203,The_Big_Bang_Theory,2021071200,8988
2204,The_Big_Bang_Theory,2021071300,9313
2205,The_Big_Bang_Theory,2021071400,9355
2206,The_Big_Bang_Theory,2021071500,9374
2207,The_Big_Bang_Theory,2021071600,9000
2208,The_Big_Bang_Theory,2021071700,9036
2209,The_Big_Bang_Theory,2021071800,9412
2210,The_Big_Bang_Theory,2021071900,9560
2211,The_Big_Bang_Theory,2021072000,9524
2212,The_Big_Bang_Theory,2021072100,11080
2213,The_Big_Bang_Theory,2021072200,10493
2214,The_Big_Bang_Theory,2021072300,9444
2215,The_Big_Bang_Theory,2021072400,9123
2216,The_Big_Bang_Theory,2021072500,9774
2217,The_Big_Bang_Theory,2021072600,9238
2218,The_Big_Bang_Theory,2021072700,8463
2219,The_Big_Bang_Theory,2021072800,9177
2220,The_Big_Bang_Theory,2021072900,9840
2221,The_Big_Bang_Theory,2021073000,8510
2222,The_Big_Bang_Theory,2021073100,8531
2223,The_Big_Bang_Theory,2021080100,9232
2224,The_Big_Bang_Theory,2021080200,9405
2225,The_Big_Bang_Theory,2021080300,8559
2226,The_Big_Bang_Theory,2021080400,8791
2227,The_Big_Bang_Theory,2021080500,8996
2228,The_Big_Bang_Theory,2021080600,8609
2229,The_Big_Bang_Theory,2021080700,8266
2230,The_Big_Bang_Theory,2021080800,9333
2231,The_Big_Bang_Theory,2021080900,10029
2232,The_Big_Bang_Theory,2021081000,9359
2233,The_Big_Bang_Theory,2021081100,12051
2234,The_Big_Bang_Theory,2021081200,12813
2235,The_Big_Bang_Theory,2021081300,10496
2236,The_Big_Bang_Theory,2021081400,10002
2237,The_Big_Bang_Theory,2021081500,9820
2238,The_Big_Bang_Theory,2021081600,11332
2239,The_Big_Bang_Theory,2021081700,10181
2240,The_Big_Bang_Theory,2021081800,10170
2241,The_Big_Bang_Theory,2021081900,10959
2242,The_Big_Bang_Theory,2021082000,11443
2243,The_Big_Bang_Theory,2021082100,10680
2244,The_Big_Bang_Theory,2021082200,10460
2245,The_Big_Bang_Theory,2021082300,11867
2246,The_Big_Bang_Theory,2021082400,11196
2247,The_Big_Bang_Theory,2021082500,10964
2248,The_Big_Bang_Theory,2021082600,11316
2249,The_Big_Bang_Theory,2021082700,10097
2250,The_Big_Bang_Theory,2021082800,10369
2251,The_Big_Bang_Theory,2021082900,10517
2252,The_Big_Bang_Theory,2021083000,10493
2253,The_Big_Bang_Theory,2021083100,9938
2254,The_Big_Bang_Theory,2021090100,10179
2255,The_Big_Bang_Theory,2021090200,10702
2256,The_Big_Bang_Theory,2021090300,11408
2257,The_Big_Bang_Theory,2021090400,11178
2258,The_Big_Bang_Theory,2021090500,10461
2259,The_Big_Bang_Theory,2021090600,10897
2260,The_Big_Bang_Theory,2021090700,9983
2261,The_Big_Bang_Theory,2021090800,9587
2262,The_Big_Bang_Theory,2021090900,9978
2263,The_Big_Bang_Theory,2021091000,8714
2264,The_Big_Bang_Theory,2021091100,8431
2265,The_Big_Bang_Theory,2021091200,8527
2266,The_Big_Bang_Theory,2021091300,8980
2267,The_Big_Bang_Theory,2021091400,8673
2268,The_Big_Bang_Theory,2021091500,9337
2269,The_Big_Bang_Theory,2021091600,9551
2270,The_Big_Bang_Theory,2021091700,8590
2271,The_Big_Bang_Theory,2021091800,7956
2272,The_Big_Bang_Theory,2021091900,8280
2273,The_Big_Bang_Theory,2021092000,10139
2274,The_Big_Bang_Theory,2021092100,9109
2275,The_Big_Bang_Theory,2021092200,9801
2276,The_Big_Bang_Theory,2021092300,9213
2277,The_Big_Bang_Theory,2021092400,9533
2278,The_Big_Bang_Theory,2021092500,8294
2279,The_Big_Bang_Theory,2021092600,8193
2280,The_Big_Bang_Theory,2021092700,9453
2281,The_Big_Bang_Theory,2021092800,9077
2282,The_Big_Bang_Theory,2021092900,9448
2283,The_Big_Bang_Theory,2021093000,9372
2284,The_Big_Bang_Theory,2021100100,9010
2285,The_Big_Bang_Theory,2021100200,8099
2286,The_Big_Bang_Theory,2021100300,8208
2287,The_Big_Bang_Theory,2021100400,8855
2288,The_Big_Bang_Theory,2021100500,9122
2289,The_Big_Bang_Theory,2021100600,9441
2290,The_Big_Bang_Theory,2021100700,8770
2291,The_Big_Bang_Theory,2021100800,8808
2292,The_Big_Bang_Theory,2021100900,8555
2293,The_Big_Bang_Theory,2021101000,8612
2294,The_Big_Bang_Theory,2021101100,8785
2295,The_Big_Bang_Theory,2021101200,8988
2296,The_Big_Bang_Theory,2021101300,8974
2297,The_Big_Bang_Theory,2021101400,9445
2298,The_Big_Bang_Theory,2021101500,8263
2299,The_Big_Bang_Theory,2021101600,8201
2300,The_Big_Bang_Theory,2021101700,8773
2301,The_Big_Bang_Theory,2021101800,9004
2302,The_Big_Bang_Theory,2021101900,8668
2303,The_Big_Bang_Theory,2021102000,8401
2304,The_Big_Bang_Theory,2021102100,8474
2305,The_Big_Bang_Theory,2021102200,8570
2306,The_Big_Bang_Theory,2021102300,7868
2307,The_Big_Bang_Theory,2021102400,7905
2308,The_Big_Bang_Theory,2021102500,8659
2309,The_Big_Bang_Theory,2021102600,8001
2310,The_Big_Bang_Theory,2021102700,8749
2311,The_Big_Bang_Theory,2021102800,8687
2312,The_Big_Bang_Theory,2021102900,8332
2313,The_Big_Bang_Theory,2021103000,7850
2314,The_Big_Bang_Theory,2021103100,8549
2315,The_Big_Bang_Theory,2021110100,8725
2316,The_Big_Bang_Theory,2021110200,8823
2317,The_Big_Bang_Theory,2021110300,8661
2318,The_Big_Bang_Theory,2021110400,9123
2319,The_Big_Bang_Theory,2021110500,9242
2320,The_Big_Bang_Theory,2021110600,8581
2321,The_Big_Bang_Theory,2021110700,8936
2322,The_Big_Bang_Theory,2021110800,9327
2323,The_Big_Bang_Theory,2021110900,9662
2324,The_Big_Bang_Theory,2021111000,10032
2325,The_Big_Bang_Theory,2021111100,9597
2326,The_Big_Bang_Theory,2021111200,9578
2327,The_Big_Bang_Theory,2021111300,9087
2328,The_Big_Bang_Theory,2021111400,9197
2329,The_Big_Bang_Theory,2021111500,9731
2330,The_Big_Bang_Theory,2021111600,9673
2331,The_Big_Bang_Theory,2021111700,9760
2332,The_Big_Bang_Theory,2021111800,9613
2333,The_Big_Bang_Theory,2021111900,9740
2334,The_Big_Bang_Theory,2021112000,8354
2335,The_Big_Bang_Theory,2021112100,9282
2336,The_Big_Bang_Theory,2021112200,9470
2337,The_Big_Bang_Theory,2021112300,9376
2338,The_Big_Bang_Theory,2021112400,8925
2339,The_Big_Bang_Theory,2021112500,9257
2340,The_Big_Bang_Theory,2021112600,8714
2341,The_Big_Bang_Theory,2021112700,8752
2342,The_Big_Bang_Theory,2021112800,9303
2343,The_Big_Bang_Theory,2021112900,8632
2344,The_Big_Bang_Theory,2021113000,8943
2345,The_Big_Bang_Theory,2021120100,8949
2346,The_Big_Bang_Theory,2021120200,9440
2347,The_Big_Bang_Theory,2021120300,9370
2348,The_Big_Bang_Theory,2021120400,8614
2349,The_Big_Bang_Theory,2021120500,9292
2350,The_Big_Bang_Theory,2021120600,9120
2351,The_Big_Bang_Theory,2021120700,9695
2352,The_Big_Bang_Theory,2021120800,9621
2353,The_Big_Bang_Theory,2021120900,9610
2354,The_Big_Bang_Theory,2021121000,9309
2355,The_Big_Bang_Theory,2021121100,8985
2356,The_Big_Bang_Theory,2021121200,9748
2357,The_Big_Bang_Theory,2021121300,9932
2358,The_Big_Bang_Theory,2021121400,10433
2359,The_Big_Bang_Theory,2021121500,9468
2360,The_Big_Bang_Theory,2021121600,9081
2361,The_Big_Bang_Theory,2021121700,8644
2362,The_Big_Bang_Theory,2021121800,8397
2363,The_Big_Bang_Theory,2021121900,9220
2364,The_Big_Bang_Theory,2021122000,8649
2365,The_Big_Bang_Theory,2021122100,8606
2366,The_Big_Bang_Theory,2021122200,9810
2367,The_Big_Bang_Theory,2021122300,9025
2368,The_Big_Bang_Theory,2021122400,8813
2369,The_Big_Bang_Theory,2021122500,8763
2370,The_Big_Bang_Theory,2021122600,8975
2371,The_Big_Bang_Theory,2021122700,10221
2372,The_Big_Bang_Theory,2021122800,10469
2373,The_Big_Bang_Theory,2021122900,11388
2374,The_Big_Bang_Theory,2021123000,11119
2375,The_Big_Bang_Theory,2021123100,10007
2376,The_Big_Bang_Theory,2022010100,10084
2377,The_Big_Bang_Theory,2022010200,10964
2378,The_Big_Bang_Theory,2022010300,11442
2379,The_Big_Bang_Theory,2022010400,11237
2380,The_Big_Bang_Theory,2022010500,10931
2381,The_Big_Bang_Theory,2022010600,10722
2382,The_Big_Bang_Theory,2022010700,11393
2383,The_Big_Bang_Theory,2022010800,11722
2384,The_Big_Bang_Theory,2022010900,11630
2385,The_Big_Bang_Theory,2022011000,11468
2386,The_Big_Bang_Theory,2022011100,11243
2387,The_Big_Bang_Theory,2022011200,10236
2388,The_Big_Bang_Theory,2022011300,9950
2389,The_Big_Bang_Theory,2022011400,10210
2390,The_Big_Bang_Theory,2022011500,9926
2391,The_Big_Bang_Theory,2022011600,10148
2392,The_Big_Bang_Theory,2022011700,10334
2393,The_Big_Bang_Theory,2022011800,9895
2394,The_Big_Bang_Theory,2022011900,10035
2395,The_Big_Bang_Theory,2022012000,9830
2396,The_Big_Bang_Theory,2022012100,9916
2397,The_Big_Bang_Theory,2022012200,10893
2398,The_Big_Bang_Theory,2022012300,10924
2399,The_Big_Bang_Theory,2022012400,10515
2400,The_Big_Bang_Theory,2022012500,10174
2401,The_Big_Bang_Theory,2022012600,9824
2402,The_Big_Bang_Theory,2022012700,10073
2403,The_Big_Bang_Theory,2022012800,9961
2404,The_Big_Bang_Theory,2022012900,9728
2405,The_Big_Bang_Theory,2022013000,11158
2406,The_Big_Bang_Theory,2022013100,9803
2407,The_Big_Bang_Theory,2022020100,9962
2408,The_Big_Bang_Theory,2022020200,9726
2409,The_Big_Bang_Theory,2022020300,10456
2410,The_Big_Bang_Theory,2022020400,10534
2411,The_Big_Bang_Theory,2022020500,9810
2412,The_Big_Bang_Theory,2022020600,9948
2413,The_Big_Bang_Theory,2022020700,10274
2414,The_Big_Bang_Theory,2022020800,11052
2415,The_Big_Bang_Theory,2022020900,10675
2416,The_Big_Bang_Theory,2022021000,10243
2417,The_Big_Bang_Theory,2022021100,10993
2418,The_Big_Bang_Theory,2022021200,9679
2419,The_Big_Bang_Theory,2022021300,10134
2420,The_Big_Bang_Theory,2022021400,8613
2421,The_Big_Bang_Theory,2022021500,9269
2422,The_Big_Bang_Theory,2022021600,9718
2423,The_Big_Bang_Theory,2022021700,9195
2424,The_Big_Bang_Theory,2022021800,9457
2425,The_Big_Bang_Theory,2022021900,8981
2426,The_Big_Bang_Theory,2022022000,9442
2427,The_Big_Bang_Theory,2022022100,9104
2428,The_Big_Bang_Theory,2022022200,9944
2429,The_Big_Bang_Theory,2022022300,9385
2430,The_Big_Bang_Theory,2022022400,8396
2431,The_Big_Bang_Theory,2022022500,8161
2432,The_Big_Bang_Theory,2022022600,7746
2433,The_Big_Bang_Theory,2022022700,8492
2434,The_Big_Bang_Theory,2022022800,8582
2435,The_Big_Bang_Theory,2022030100,8785
2436,The_Big_Bang_Theory,2022030200,9279
2437,The_Big_Bang_Theory,2022030300,9086
2438,The_Big_Bang_Theory,2022030400,8967
2439,The_Big_Bang_Theory,2022030500,8298
2440,The_Big_Bang_Theory,2022030600,8893
2441,The_Big_Bang_Theory,2022030700,9253
2442,The_Big_Bang_Theory,2022030800,8704
2443,The_Big_Bang_Theory,2022030900,9471
2444,The_Big_Bang_Theory,2022031000,8828
2445,The_Big_Bang_Theory,2022031100,8521
2446,The_Big_Bang_Theory,2022031200,8187
2447,The_Big_Bang_Theory,2022031300,8941
2448,The_Big_Bang_Theory,2022031400,9037
2449,The_Big_Bang_Theory,2022031500,8628
2450,The_Big_Bang_Theory,2022031600,8927
2451,The_Big_Bang_Theory,2022031700,8437
2452,The_Big_Bang_Theory,2022031800,8582
2453,The_Big_Bang_Theory,2022031900,8145
2454,The_Big_Bang_Theory,2022032000,8510
2455,The_Big_Bang_Theory,2022032100,8446
2456,The_Big_Bang_Theory,2022032200,8402
2457,The_Big_Bang_Theory,2022032300,8815
2458,The_Big_Bang_Theory,2022032400,8282
2459,The_Big_Bang_Theory,2022032500,7619
2460,The_Big_Bang_Theory,2022032600,7380
2461,The_Big_Bang_Theory,2022032700,8135
2462,The_Big_Bang_Theory,2022032800,7994
2463,The_Big_Bang_Theory,2022032900,8092
2464,The_Big_Bang_Theory,2022033000,8792
2465,The_Big_Bang_Theory,2022033100,7970
2466,The_Big_Bang_Theory,2022040100,7955
2467,The_Big_Bang_Theory,2022040200,7823
2468,The_Big_Bang_Theory,2022040300,8210
2469,The_Big_Bang_Theory,2022040400,8220
2470,The_Big_Bang_Theory,2022040500,7979
2471,The_Big_Bang_Theory,2022040600,8289
2472,The_Big_Bang_Theory,2022040700,8240
2473,The_Big_Bang_Theory,2022040800,8072
2474,The_Big_Bang_Theory,2022040900,7754
2475,The_Big_Bang_Theory,2022041000,8109
2476,The_Big_Bang_Theory,2022041100,8030
2477,The_Big_Bang_Theory,2022041200,8384
2478,The_Big_Bang_Theory,2022041300,8224
2479,The_Big_Bang_Theory,2022041400,8140
2480,The_Big_Bang_Theory,2022041500,9183
2481,The_Big_Bang_Theory,2022041600,8814
2482,The_Big_Bang_Theory,2022041700,8770
2483,The_Big_Bang_Theory,2022041800,9838
2484,The_Big_Bang_Theory,2022041900,9021
2485,The_Big_Bang_Theory,2022042000,8210
2486,The_Big_Bang_Theory,2022042100,8985
2487,The_Big_Bang_Theory,2022042200,9168
2488,The_Big_Bang_Theory,2022042300,8329
2489,The_Big_Bang_Theory,2022042400,9101
2490,The_Big_Bang_Theory,2022042500,9129
2491,The_Big_Bang_Theory,2022042600,8549
2492,The_Big_Bang_Theory,2022042700,8165
2493,The_Big_Bang_Theory,2022042800,8112
2494,The_Big_Bang_Theory,2022042900,8095
2495,The_Big_Bang_Theory,2022043000,8078
2496,The_Big_Bang_Theory,2022050100,9364
2497,The_Big_Bang_Theory,2022050200,9415
2498,The_Big_Bang_Theory,2022050300,8547
2499,The_Big_Bang_Theory,2022050400,8487
2500,The_Big_Bang_Theory,2022050500,8134
2501,The_Big_Bang_Theory,2022050600,8165
2502,The_Big_Bang_Theory,2022050700,7895
2503,The_Big_Bang_Theory,2022050800,7769
2504,The_Big_Bang_Theory,2022050900,7723
2505,The_Big_Bang_Theory,2022051000,7548
2506,The_Big_Bang_Theory,2022051100,7802
2507,The_Big_Bang_Theory,2022051200,8022
2508,The_Big_Bang_Theory,2022051300,8734
2509,The_Big_Bang_Theory,2022051400,8094
2510,The_Big_Bang_Theory,2022051500,8797
2511,The_Big_Bang_Theory,2022051600,8700
2512,The_Big_Bang_Theory,2022051700,8200
2513,The_Big_Bang_Theory,2022051800,7777
2514,The_Big_Bang_Theory,2022051900,7582
2515,The_Big_Bang_Theory,2022052000,7958
2516,The_Big_Bang_Theory,2022052100,7380
2517,The_Big_Bang_Theory,2022052200,7921
2518,The_Big_Bang_Theory,2022052300,8561
2519,The_Big_Bang_Theory,2022052400,8473
2520,The_Big_Bang_Theory,2022052500,7688
2521,The_Big_Bang_Theory,2022052600,8058
2522,The_Big_Bang_Theory,2022052700,7432
2523,The_Big_Bang_Theory,2022052800,6654
2524,The_Big_Bang_Theory,2022052900,7428
2525,The_Big_Bang_Theory,2022053000,7747
2526,The_Big_Bang_Theory,2022053100,7680
2527,The_Big_Bang_Theory,2022060100,6862
2528,The_Big_Bang_Theory,2022060200,7323
2529,The_Big_Bang_Theory,2022060300,7041
2530,The_Big_Bang_Theory,2022060400,7032
2531,The_Big_Bang_Theory,2022060500,7531
2532,The_Big_Bang_Theory,2022060600,8102
2533,The_Big_Bang_Theory,2022060700,7800
2534,The_Big_Bang_Theory,2022060800,7258
2535,The_Big_Bang_Theory,2022060900,7660
2536,The_Big_Bang_Theory,2022061000,7505
2537,The_Big_Bang_Theory,2022061100,7236
2538,The_Big_Bang_Theory,2022061200,8029
2539,The_Big_Bang_Theory,2022061300,8210
2540,The_Big_Bang_Theory,2022061400,7693
2541,The_Big_Bang_Theory,2022061500,7510
2542,The_Big_Bang_Theory,2022061600,8765
2543,The_Big_Bang_Theory,2022061700,7454
2544,The_Big_Bang_Theory,2022061800,7318
2545,The_Big_Bang_Theory,2022061900,7714
2546,The_Big_Bang_Theory,2022062000,8010
2547,The_Big_Bang_Theory,2022062100,8309
2548,The_Big_Bang_Theory,2022062200,8121
2549,The_Big_Bang_Theory,2022062300,7895
2550,The_Big_Bang_Theory,2022062400,7388
2551,The_Big_Bang_Theory,2022062500,7318
2552,The_Big_Bang_Theory,2022062600,8687
2553,The_Big_Bang_Theory,2022062700,9720
2554,The_Big_Bang_Theory,2022062800,8657
2555,The_Big_Bang_Theory,2022062900,8301
2556,The_Big_Bang_Theory,2022063000,7758
2557,The_Big_Bang_Theory,2022070100,7587
2558,The_Big_Bang_Theory,2022070200,7396
2559,The_Big_Bang_Theory,2022070300,7860
2560,The_Big_Bang_Theory,2022070400,8138
2561,The_Big_Bang_Theory,2022070500,8266
2562,The_Big_Bang_Theory,2022070600,7695
2563,The_Big_Bang_Theory,2022070700,7782
2564,The_Big_Bang_Theory,2022070800,7720
2565,The_Big_Bang_Theory,2022070900,7725
2566,The_Big_Bang_Theory,2022071000,8287
2567,The_Big_Bang_Theory,2022071100,8728
2568,The_Big_Bang_Theory,2022071200,9574
2569,The_Big_Bang_Theory,2022071300,9000
2570,The_Big_Bang_Theory,2022071400,8713
2571,The_Big_Bang_Theory,2022071500,8448
2572,The_Big_Bang_Theory,2022071600,8526
2573,The_Big_Bang_Theory,2022071700,9299
2574,The_Big_Bang_Theory,2022071800,9681
2575,The_Big_Bang_Theory,2022071900,9406
2576,The_Big_Bang_Theory,2022072000,9758
2577,The_Big_Bang_Theory,2022072100,9931
2578,The_Big_Bang_Theory,2022072200,9657
2579,The_Big_Bang_Theory,2022072300,9578
2580,The_Big_Bang_Theory,2022072400,9969
2581,The_Big_Bang_Theory,2022072500,10489
2582,The_Big_Bang_Theory,2022072600,10362
2583,The_Big_Bang_Theory,2022072700,9812
2584,The_Big_Bang_Theory,2022072800,9669
2585,The_Big_Bang_Theory,2022072900,9124
2586,The_Big_Bang_Theory,2022073000,8900
2587,The_Big_Bang_Theory,2022073100,9749
2588,The_Big_Bang_Theory,2022080100,9883
2589,The_Big_Bang_Theory,2022080200,10168
2590,The_Big_Bang_Theory,2022080300,9947
2591,The_Big_Bang_Theory,2022080400,9731
2592,The_Big_Bang_Theory,2022080500,9497
2593,The_Big_Bang_Theory,2022080600,9513
2594,The_Big_Bang_Theory,2022080700,9906
2595,The_Big_Bang_Theory,2022080800,10649
2596,The_Big_Bang_Theory,2022080900,10852
2597,The_Big_Bang_Theory,2022081000,9712
2598,The_Big_Bang_Theory,2022081100,9703
2599,The_Big_Bang_Theory,2022081200,9515
2600,The_Big_Bang_Theory,2022081300,9238
2601,The_Big_Bang_Theory,2022081400,9954
2602,The_Big_Bang_Theory,2022081500,10528
2603,The_Big_Bang_Theory,2022081600,10385
2604,The_Big_Bang_Theory,2022081700,10126
2605,The_Big_Bang_Theory,2022081800,10345
2606,The_Big_Bang_Theory,2022081900,10142
2607,The_Big_Bang_Theory,2022082000,9775
2608,The_Big_Bang_Theory,2022082100,10627
2609,The_Big_Bang_Theory,2022082200,11015
2610,The_Big_Bang_Theory,2022082300,10868
2611,The_Big_Bang_Theory,2022082400,10868
2612,The_Big_Bang_Theory,2022082500,10922
2613,The_Big_Bang_Theory,2022082600,11059
2614,The_Big_Bang_Theory,2022082700,10350
2615,The_Big_Bang_Theory,2022082800,10972
2616,The_Big_Bang_Theory,2022082900,11277
2617,The_Big_Bang_Theory,2022083000,11178
2618,The_Big_Bang_Theory,2022083100,10255
2619,The_Big_Bang_Theory,2022090100,9874
2620,The_Big_Bang_Theory,2022090200,10082
2621,The_Big_Bang_Theory,2022090300,9342
2622,The_Big_Bang_Theory,2022090400,10400
2623,The_Big_Bang_Theory,2022090500,11108
2624,The_Big_Bang_Theory,2022090600,11055
2625,The_Big_Bang_Theory,2022090700,10372
2626,The_Big_Bang_Theory,2022090800,10210
2627,The_Big_Bang_Theory,2022090900,9352
2628,The_Big_Bang_Theory,2022091000,9642
2629,The_Big_Bang_Theory,2022091100,10131
2630,The_Big_Bang_Theory,2022091200,10510
2631,The_Big_Bang_Theory,2022091300,10740
2632,The_Big_Bang_Theory,2022091400,10226
2633,The_Big_Bang_Theory,2022091500,10176
2634,The_Big_Bang_Theory,2022091600,10333
2635,The_Big_Bang_Theory,2022091700,10190
2636,The_Big_Bang_Theory,2022091800,10260
2637,The_Big_Bang_Theory,2022091900,11457
2638,The_Big_Bang_Theory,2022092000,10745
2639,The_Big_Bang_Theory,2022092100,11148
2640,The_Big_Bang_Theory,2022092200,10657
2641,The_Big_Bang_Theory,2022092300,10156
2642,The_Big_Bang_Theory,2022092400,10332
2643,The_Big_Bang_Theory,2022092500,11078
2644,The_Big_Bang_Theory,2022092600,11162
2645,The_Big_Bang_Theory,2022092700,10624
2646,The_Big_Bang_Theory,2022092800,9708
2647,The_Big_Bang_Theory,2022092900,9648
2648,The_Big_Bang_Theory,2022093000,9506
2649,The_Big_Bang_Theory,2022100100,9277
2650,The_Big_Bang_Theory,2022100200,9489
2651,The_Big_Bang_Theory,2022100300,9839
2652,The_Big_Bang_Theory,2022100400,12395
2653,The_Big_Bang_Theory,2022100500,11237
2654,The_Big_Bang_Theory,2022100600,10307
2655,The_Big_Bang_Theory,2022100700,10090
2656,The_Big_Bang_Theory,2022100800,9757
2657,The_Big_Bang_Theory,2022100900,9725
2658,The_Big_Bang_Theory,2022101000,10585
2659,The_Big_Bang_Theory,2022101100,11386
2660,The_Big_Bang_Theory,2022101200,14336
2661,The_Big_Bang_Theory,2022101300,12366
2662,The_Big_Bang_Theory,2022101400,10987
2663,The_Big_Bang_Theory,2022101500,10022
2664,The_Big_Bang_Theory,2022101600,10370
2665,The_Big_Bang_Theory,2022101700,10493
2666,The_Big_Bang_Theory,2022101800,9520
2667,The_Big_Bang_Theory,2022101900,9786
2668,The_Big_Bang_Theory,2022102000,10559
2669,The_Big_Bang_Theory,2022102100,10959
2670,The_Big_Bang_Theory,2022102200,10633
2671,The_Big_Bang_Theory,2022102300,10821
2672,The_Big_Bang_Theory,2022102400,10663
2673,The_Big_Bang_Theory,2022102500,10654
2674,The_Big_Bang_Theory,2022102600,11657
2675,The_Big_Bang_Theory,2022102700,11117
2676,The_Big_Bang_Theory,2022102800,11154
2677,The_Big_Bang_Theory,2022102900,11313
2678,The_Big_Bang_Theory,2022103000,11519
2679,The_Big_Bang_Theory,2022103100,11937
2680,The_Big_Bang_Theory,2022110100,11731
2681,The_Big_Bang_Theory,2022110200,11768
2682,The_Big_Bang_Theory,2022110300,11050
2683,The_Big_Bang_Theory,2022110400,10850
2684,The_Big_Bang_Theory,2022110500,11115
2685,The_Big_Bang_Theory,2022110600,11558
2686,The_Big_Bang_Theory,2022110700,12267
2687,The_Big_Bang_Theory,2022110800,11247
2688,The_Big_Bang_Theory,2022110900,10448
2689,The_Big_Bang_Theory,2022111000,10345
2690,The_Big_Bang_Theory,2022111100,10741
2691,The_Big_Bang_Theory,2022111200,10597
2692,The_Big_Bang_Theory,2022111300,10678
2693,The_Big_Bang_Theory,2022111400,10291
2694,The_Big_Bang_Theory,2022111500,10392
2695,The_Big_Bang_Theory,2022111600,10997
2696,The_Big_Bang_Theory,2022111700,10643
2697,The_Big_Bang_Theory,2022111800,10344
2698,The_Big_Bang_Theory,2022111900,9884
2699,The_Big_Bang_Theory,2022112000,10305
2700,The_Big_Bang_Theory,2022112100,9817
2701,The_Big_Bang_Theory,2022112200,9904
2702,The_Big_Bang_Theory,2022112300,10696
2703,The_Big_Bang_Theory,2022112400,10024
2704,The_Big_Bang_Theory,2022112500,9185
2705,The_Big_Bang_Theory,2022112600,10653
2706,The_Big_Bang_Theory,2022112700,10994
2707,The_Big_Bang_Theory,2022112800,10588
2708,The_Big_Bang_Theory,2022112900,10298
2709,The_Big_Bang_Theory,2022113000,10866
2710,The_Big_Bang_Theory,2022120100,10456
2711,The_Big_Bang_Theory,2022120200,9582
2712,The_Big_Bang_Theory,2022120300,8777
2713,The_Big_Bang_Theory,2022120400,8757
2714,The_Big_Bang_Theory,2022120500,8653
2715,The_Big_Bang_Theory,2022120600,9041
2716,The_Big_Bang_Theory,2022120700,9796
2717,The_Big_Bang_Theory,2022120800,8906
2718,The_Big_Bang_Theory,2022120900,8823
2719,The_Big_Bang_Theory,2022121000,9194
2720,The_Big_Bang_Theory,2022121100,9381
2721,The_Big_Bang_Theory,2022121200,9630
2722,The_Big_Bang_Theory,2022121300,9226
2723,The_Big_Bang_Theory,2022121400,8829
2724,The_Big_Bang_Theory,2022121500,8996
2725,The_Big_Bang_Theory,2022121600,8606
2726,The_Big_Bang_Theory,2022121700,8497
2727,The_Big_Bang_Theory,2022121800,8329
2728,The_Big_Bang_Theory,2022121900,8700
2729,The_Big_Bang_Theory,2022122000,8688
2730,The_Big_Bang_Theory,2022122100,8909
2731,The_Big_Bang_Theory,2022122200,8500
2732,The_Big_Bang_Theory,2022122300,9014
2733,The_Big_Bang_Theory,2022122400,8288
2734,The_Big_Bang_Theory,2022122500,8280
2735,The_Big_Bang_Theory,2022122600,9221
2736,The_Big_Bang_Theory,2022122700,10378
2737,The_Big_Bang_Theory,2022122800,10026
2738,The_Big_Bang_Theory,2022122900,9535
2739,The_Big_Bang_Theory,2022123000,10112
2740,The_Big_Bang_Theory,2022123100,9097
2741,The_Big_Bang_Theory,2023010100,9910
2742,The_Big_Bang_Theory,2023010200,11062
2743,The_Big_Bang_Theory,2023010300,10846
2744,The_Big_Bang_Theory,2023010400,10676
2745,The_Big_Bang_Theory,2023010500,10210
2746,The_Big_Bang_Theory,2023010600,10789
2747,The_Big_Bang_Theory,2023010700,10408
2748,The_Big_Bang_Theory,2023010800,11283
2749,The_Big_Bang_Theory,2023010900,11495
2750,The_Big_Bang_Theory,2023011000,10625
2751,The_Big_Bang_Theory,2023011100,11117
2752,The_Big_Bang_Theory,2023011200,10799
2753,The_Big_Bang_Theory,2023011300,10937
2754,The_Big_Bang_Theory,2023011400,10806
2755,The_Big_Bang_Theory,2023011500,11198
2756,The_Big_Bang_Theory,2023011600,11527
2757,The_Big_Bang_Theory,2023011700,10775
2758,The_Big_Bang_Theory,2023011800,12655
2759,The_Big_Bang_Theory,2023011900,10701
2760,The_Big_Bang_Theory,2023012000,10517
2761,The_Big_Bang_Theory,2023012100,12098
2762,The_Big_Bang_Theory,2023012200,11785
2763,The_Big_Bang_Theory,2023012300,10260
2764,The_Big_Bang_Theory,2023012400,10148
2765,The_Big_Bang_Theory,2023012500,10880
2766,The_Big_Bang_Theory,2023012600,9977
2767,The_Big_Bang_Theory,2023012700,11113
2768,The_Big_Bang_Theory,2023012800,10062
2769,The_Big_Bang_Theory,2023012900,10319
2770,The_Big_Bang_Theory,2023013000,9999
2771,The_Big_Bang_Theory,2023013100,10037
2772,The_Big_Bang_Theory,2023020100,10308
2773,The_Big_Bang_Theory,2023020200,10080
2774,The_Big_Bang_Theory,2023020300,10540
2775,The_Big_Bang_Theory,2023020400,10384
2776,The_Big_Bang_Theory,2023020500,10346
2777,The_Big_Bang_Theory,2023020600,10252
2778,The_Big_Bang_Theory,2023020700,9888
2779,The_Big_Bang_Theory,2023020800,9640
2780,The_Big_Bang_Theory,2023020900,10181
2781,The_Big_Bang_Theory,2023021000,9670
2782,The_Big_Bang_Theory,2023021100,9461
2783,The_Big_Bang_Theory,2023021200,9900
2784,The_Big_Bang_Theory,2023021300,9169
2785,The_Big_Bang_Theory,2023021400,9700
2786,The_Big_Bang_Theory,2023021500,10147
2787,The_Big_Bang_Theory,2023021600,9885
2788,The_Big_Bang_Theory,2023021700,10237
2789,The_Big_Bang_Theory,2023021800,9812
2790,The_Big_Bang_Theory,2023021900,10066
2791,The_Big_Bang_Theory,2023022000,10739
2792,The_Big_Bang_Theory,2023022100,11151
2793,The_Big_Bang_Theory,2023022200,11326
2794,The_Big_Bang_Theory,2023022300,10228
2795,The_Big_Bang_Theory,2023022400,10027
2796,The_Big_Bang_Theory,2023022500,9653
2797,The_Big_Bang_Theory,2023022600,10182
2798,The_Big_Bang_Theory,2023022700,10621
2799,The_Big_Bang_Theory,2023022800,10299
2800,The_Big_Bang_Theory,2023030100,10749
2801,The_Big_Bang_Theory,2023030200,9696
2802,The_Big_Bang_Theory,2023030300,9848
2803,The_Big_Bang_Theory,2023030400,9708
2804,The_Big_Bang_Theory,2023030500,10132
2805,The_Big_Bang_Theory,2023030600,9820
2806,The_Big_Bang_Theory,2023030700,9807
2807,The_Big_Bang_Theory,2023030800,10930
2808,The_Big_Bang_Theory,2023030900,9699
2809,The_Big_Bang_Theory,2023031000,10075
2810,The_Big_Bang_Theory,2023031100,9758
2811,The_Big_Bang_Theory,2023031200,10324
2812,The_Big_Bang_Theory,2023031300,9444
2813,The_Big_Bang_Theory,2023031400,9714
2814,The_Big_Bang_Theory,2023031500,10041
2815,The_Big_Bang_Theory,2023031600,9211
2816,The_Big_Bang_Theory,2023031700,8746
2817,The_Big_Bang_Theory,2023031800,8903
2818,The_Big_Bang_Theory,2023031900,9281
2819,The_Big_Bang_Theory,2023032000,9530
2820,The_Big_Bang_Theory,2023032100,9665
2821,The_Big_Bang_Theory,2023032200,9792
2822,The_Big_Bang_Theory,2023032300,9380
2823,The_Big_Bang_Theory,2023032400,8801
2824,The_Big_Bang_Theory,2023032500,8872
2825,The_Big_Bang_Theory,2023032600,9825
2826,The_Big_Bang_Theory,2023032700,9662
2827,The_Big_Bang_Theory,2023032800,11045
2828,The_Big_Bang_Theory,2023032900,10532
2829,The_Big_Bang_Theory,2023033000,9552
2830,The_Big_Bang_Theory,2023033100,9330
2831,The_Big_Bang_Theory,2023040100,9733
2832,The_Big_Bang_Theory,2023040200,10859
2833,The_Big_Bang_Theory,2023040300,10083
2834,The_Big_Bang_Theory,2023040400,8975
2835,The_Big_Bang_Theory,2023040500,8140
2836,The_Big_Bang_Theory,2023040600,7751
2837,The_Big_Bang_Theory,2023040700,8739
2838,The_Big_Bang_Theory,2023040800,8566
2839,The_Big_Bang_Theory,2023040900,9388
2840,The_Big_Bang_Theory,2023041000,10711
2841,The_Big_Bang_Theory,2023041100,9984
2842,The_Big_Bang_Theory,2023041200,10628
2843,The_Big_Bang_Theory,2023041300,11270
2844,The_Big_Bang_Theory,2023041400,10741
2845,The_Big_Bang_Theory,2023041500,9959
2846,The_Big_Bang_Theory,2023041600,10584
2847,The_Big_Bang_Theory,2023041700,10781
2848,The_Big_Bang_Theory,2023041800,9885
2849,The_Big_Bang_Theory,2023041900,10028
2850,The_Big_Bang_Theory,2023042000,10131
2851,The_Big_Bang_Theory,2023042100,10837
2852,The_Big_Bang_Theory,2023042200,11290
2853,The_Big_Bang_Theory,2023042300,11500
2854,The_Big_Bang_Theory,2023042400,10957
2855,The_Big_Bang_Theory,2023042500,10414
2856,The_Big_Bang_Theory,2023042600,10320
2857,The_Big_Bang_Theory,2023042700,9932
2858,The_Big_Bang_Theory,2023042800,9836
2859,The_Big_Bang_Theory,2023042900,9620
2860,The_Big_Bang_Theory,2023043000,10713
2861,The_Big_Bang_Theory,2023050100,11445
2862,The_Big_Bang_Theory,2023050200,10341
2863,The_Big_Bang_Theory,2023050300,10159
2864,The_Big_Bang_Theory,2023050400,10479
2865,The_Big_Bang_Theory,2023050500,10030
2866,The_Big_Bang_Theory,2023050600,9546
2867,The_Big_Bang_Theory,2023050700,10059
2868,The_Big_Bang_Theory,2023050800,10805
2869,The_Big_Bang_Theory,2023050900,10177
2870,The_Big_Bang_Theory,2023051000,10044
2871,The_Big_Bang_Theory,2023051100,10465
2872,The_Big_Bang_Theory,2023051200,10163
2873,The_Big_Bang_Theory,2023051300,9766
2874,The_Big_Bang_Theory,2023051400,10640
2875,The_Big_Bang_Theory,2023051500,10580
2876,The_Big_Bang_Theory,2023051600,10585
2877,The_Big_Bang_Theory,2023051700,10523
2878,The_Big_Bang_Theory,2023051800,10837
2879,The_Big_Bang_Theory,2023051900,10708
2880,The_Big_Bang_Theory,2023052000,10106
2881,The_Big_Bang_Theory,2023052100,10750
2882,The_Big_Bang_Theory,2023052200,10632
2883,The_Big_Bang_Theory,2023052300,10491
2884,The_Big_Bang_Theory,2023052400,9867
2885,The_Big_Bang_Theory,2023052500,9886
2886,The_Big_Bang_Theory,2023052600,9863
2887,The_Big_Bang_Theory,2023052700,9832
2888,The_Big_Bang_Theory,2023052800,10124
2889,The_Big_Bang_Theory,2023052900,10757
2890,The_Big_Bang_Theory,2023053000,10397
2891,The_Big_Bang_Theory,2023053100,10240
2892,The_Big_Bang_Theory,2023060100,10266
2893,The_Big_Bang_Theory,2023060200,9453
2894,The_Big_Bang_Theory,2023060300,9271
2895,The_Big_Bang_Theory,2023060400,10008
2896,The_Big_Bang_Theory,2023060500,10336
2897,The_Big_Bang_Theory,2023060600,10030
2898,The_Big_Bang_Theory,2023060700,9810
2899,The_Big_Bang_Theory,2023060800,9748
2900,The_Big_Bang_Theory,2023060900,10107
2901,The_Big_Bang_Theory,2023061000,10210
2902,The_Big_Bang_Theory,2023061100,10996
2903,The_Big_Bang_Theory,2023061200,10883
2904,The_Big_Bang_Theory,2023061300,10582
2905,The_Big_Bang_Theory,2023061400,9767
2906,The_Big_Bang_Theory,2023061500,9702
2907,The_Big_Bang_Theory,2023061600,9441
2908,The_Big_Bang_Theory,2023061700,9102
2909,The_Big_Bang_Theory,2023061800,9677
2910,The_Big_Bang_Theory,2023061900,9464
2911,The_Big_Bang_Theory,2023062000,9960
2912,The_Big_Bang_Theory,2023062100,9966
2913,The_Big_Bang_Theory,2023062200,9298
2914,The_Big_Bang_Theory,2023062300,9420
2915,The_Big_Bang_Theory,2023062400,9528
2916,The_Big_Bang_Theory,2023062500,10605
2917,The_Big_Bang_Theory,2023062600,10627
2918,The_Big_Bang_Theory,2023062700,10448
2919,The_Big_Bang_Theory,2023062800,10165
2920,The_Big_Bang_Theory,2023062900,9579
2921,The_Big_Bang_Theory,2023063000,9623
2922,The_Big_Bang_Theory,2023070100,9320
2923,The_Big_Bang_Theory,2023070200,10207
2924,The_Big_Bang_Theory,2023070300,11279
2925,The_Big_Bang_Theory,2023070400,10682
2926,The_Big_Bang_Theory,2023070500,10631
2927,The_Big_Bang_Theory,2023070600,10388
2928,The_Big_Bang_Theory,2023070700,10035
2929,The_Big_Bang_Theory,2023070800,9887
2930,The_Big_Bang_Theory,2023070900,11026
2931,The_Big_Bang_Theory,2023071000,10997
2932,The_Big_Bang_Theory,2023071100,10381
2933,The_Big_Bang_Theory,2023071200,10650
2934,The_Big_Bang_Theory,2023071300,9840
2935,The_Big_Bang_Theory,2023071400,9841
2936,The_Big_Bang_Theory,2023071500,9708
2937,The_Big_Bang_Theory,2023071600,10606
2938,The_Big_Bang_Theory,2023071700,10533
2939,The_Big_Bang_Theory,2023071800,9723
2940,The_Big_Bang_Theory,2023071900,9400
2941,The_Big_Bang_Theory,2023072000,8975
2942,The_Big_Bang_Theory,2023072100,9359
2943,The_Big_Bang_Theory,2023072200,9520
2944,The_Big_Bang_Theory,2023072300,10266
2945,The_Big_Bang_Theory,2023072400,9880
2946,The_Big_Bang_Theory,2023072500,9775
2947,The_Big_Bang_Theory,2023072600,9539
2948,The_Big_Bang_Theory,2023072700,9026
2949,The_Big_Bang_Theory,2023072800,9416
2950,The_Big_Bang_Theory,2023072900,9287
2951,The_Big_Bang_Theory,2023073000,9642
2952,The_Big_Bang_Theory,2023073100,9557
2953,The_Big_Bang_Theory,2023080100,8947
2954,The_Big_Bang_Theory,2023080200,9151
2955,The_Big_Bang_Theory,2023080300,8688
2956,The_Big_Bang_Theory,2023080400,8735
2957,The_Big_Bang_Theory,2023080500,8659
2958,The_Big_Bang_Theory,2023080600,9217
2959,The_Big_Bang_Theory,2023080700,9186
2960,The_Big_Bang_Theory,2023080800,9267
2961,The_Big_Bang_Theory,2023080900,9255
2962,The_Big_Bang_Theory,2023081000,9343
2963,The_Big_Bang_Theory,2023081100,8948
2964,The_Big_Bang_Theory,2023081200,8984
2965,The_Big_Bang_Theory,2023081300,10030
2966,The_Big_Bang_Theory,2023081400,10188
2967,The_Big_Bang_Theory,2023081500,10127
2968,The_Big_Bang_Theory,2023081600,9838
2969,The_Big_Bang_Theory,2023081700,9624
2970,The_Big_Bang_Theory,2023081800,9630
2971,The_Big_Bang_Theory,2023081900,9628
2972,The_Big_Bang_Theory,2023082000,10065
2973,The_Big_Bang_Theory,2023082100,9877
2974,The_Big_Bang_Theory,2023082200,10733
2975,The_Big_Bang_Theory,2023082300,9874
2976,The_Big_Bang_Theory,2023082400,9500
2977,The_Big_Bang_Theory,2023082500,9965
2978,The_Big_Bang_Theory,2023082600,9315
2979,The_Big_Bang_Theory,2023082700,10223
2980,The_Big_Bang_Theory,2023082800,11866
2981,The_Big_Bang_Theory,2023082900,10922
2982,The_Big_Bang_Theory,2023083000,12082
2983,The_Big_Bang_Theory,2023083100,11071
2984,The_Big_Bang_Theory,2023090100,10435
2985,The_Big_Bang_Theory,2023090200,10075
2986,The_Big_Bang_Theory,2023090300,10289
2987,The_Big_Bang_Theory,2023090400,11344
2988,The_Big_Bang_Theory,2023090500,11033
2989,The_Big_Bang_Theory,2023090600,10355
2990,The_Big_Bang_Theory,2023090700,10082
2991,The_Big_Bang_Theory,2023090800,9922
2992,The_Big_Bang_Theory,2023090900,9759
2993,The_Big_Bang_Theory,2023091000,10485
2994,The_Big_Bang_Theory,2023091100,11166
2995,The_Big_Bang_Theory,2023091200,10331
2996,The_Big_Bang_Theory,2023091300,9954
2997,The_Big_Bang_Theory,2023091400,10589
2998,The_Big_Bang_Theory,2023091500,9990
2999,The_Big_Bang_Theory,2023091600,9786
3000,The_Big_Bang_Theory,2023091700,10829
3001,The_Big_Bang_Theory,2023091800,10385
3002,The_Big_Bang_Theory,2023091900,9977
3003,The_Big_Bang_Theory,2023092000,9820
3004,The_Big_Bang_Theory,2023092100,9947
3005,The_Big_Bang_Theory,2023092200,9294
3006,The_Big_Bang_Theory,2023092300,9243
3007,The_Big_Bang_Theory,2023092400,10226
3008,The_Big_Bang_Theory,2023092500,9889
3009,The_Big_Bang_Theory,2023092600,9421
3010,The_Big_Bang_Theory,2023092700,9041
3011,The_Big_Bang_Theory,2023092800,8773
3012,The_Big_Bang_Theory,2023092900,8742
3013,The_Big_Bang_Theory,2023093000,8795
3014,The_Big_Bang_Theory,2023100100,9674
3015,The_Big_Bang_Theory,2023100200,9891
3016,The_Big_Bang_Theory,2023100300,9696
3017,The_Big_Bang_Theory,2023100400,10296
3018,The_Big_Bang_Theory,2023100500,10207
3019,The_Big_Bang_Theory,2023100600,10410
3020,The_Big_Bang_Theory,2023100700,9930
3021,The_Big_Bang_Theory,2023100800,10011
3022,The_Big_Bang_Theory,2023100900,10287
3023,The_Big_Bang_Theory,2023101000,10477
3024,The_Big_Bang_Theory,2023101100,9835
3025,The_Big_Bang_Theory,2023101200,10118
3026,The_Big_Bang_Theory,2023101300,10716
3027,The_Big_Bang_Theory,2023101400,10392
3028,The_Big_Bang_Theory,2023101500,11471
3029,The_Big_Bang_Theory,2023101600,11089
3030,The_Big_Bang_Theory,2023101700,10572
3031,The_Big_Bang_Theory,2023101800,10705
3032,The_Big_Bang_Theory,2023101900,10308
3033,The_Big_Bang_Theory,2023102000,10202
3034,The_Big_Bang_Theory,2023102100,10020
3035,The_Big_Bang_Theory,2023102200,10714
3036,The_Big_Bang_Theory,2023102300,10446
3037,The_Big_Bang_Theory,2023102400,10622
3038,The_Big_Bang_Theory,2023102500,11096
3039,The_Big_Bang_Theory,2023102600,9958
3040,The_Big_Bang_Theory,2023102700,9369
3041,The_Big_Bang_Theory,2023102800,9896
3042,The_Big_Bang_Theory,2023102900,12133
3043,The_Big_Bang_Theory,2023103000,11133
3044,The_Big_Bang_Theory,2023103100,10192
3045,The_Big_Bang_Theory,2023110100,9830
3046,The_Big_Bang_Theory,2023110200,10617
3047,The_Big_Bang_Theory,2023110300,10011
3048,The_Big_Bang_Theory,2023110400,9828
3049,The_Big_Bang_Theory,2023110500,9814
3050,The_Big_Bang_Theory,2023110600,9731
3051,The_Big_Bang_Theory,2023110700,10145
3052,The_Big_Bang_Theory,2023110800,9994
3053,The_Big_Bang_Theory,2023110900,9743
3054,The_Big_Bang_Theory,2023111000,9794
3055,The_Big_Bang_Theory,2023111100,9434
3056,The_Big_Bang_Theory,2023111200,9614
3057,The_Big_Bang_Theory,2023111300,9888
3058,The_Big_Bang_Theory,2023111400,10665
3059,The_Big_Bang_Theory,2023111500,12501
3060,The_Big_Bang_Theory,2023111600,11180
3061,The_Big_Bang_Theory,2023111700,10349
3062,The_Big_Bang_Theory,2023111800,10493
3063,The_Big_Bang_Theory,2023111900,10278
3064,The_Big_Bang_Theory,2023112000,10288
3065,The_Big_Bang_Theory,2023112100,10302
3066,The_Big_Bang_Theory,2023112200,11002
3067,The_Big_Bang_Theory,2023112300,9654
3068,The_Big_Bang_Theory,2023112400,9884
3069,The_Big_Bang_Theory,2023112500,10998
3070,The_Big_Bang_Theory,2023112600,12039
3071,The_Big_Bang_Theory,2023112700,11809
3072,The_Big_Bang_Theory,2023112800,11407
3073,The_Big_Bang_Theory,2023112900,11681
3074,The_Big_Bang_Theory,2023113000,11508
3075,The_Big_Bang_Theory,2023120100,11497
3076,The_Big_Bang_Theory,2023120200,11721
3077,The_Big_Bang_Theory,2023120300,11476
3078,The_Big_Bang_Theory,2023120400,11075
3079,The_Big_Bang_Theory,2023120500,11299
3080,The_Big_Bang_Theory,2023120600,11515
3081,The_Big_Bang_Theory,2023120700,11569
3082,The_Big_Bang_Theory,2023120800,11013
3083,The_Big_Bang_Theory,2023120900,10907
3084,The_Big_Bang_Theory,2023121000,11359
3085,The_Big_Bang_Theory,2023121100,11237
3086,The_Big_Bang_Theory,2023121200,12388
3087,The_Big_Bang_Theory,2023121300,14428
3088,The_Big_Bang_Theory,2023121400,11727
3089,The_Big_Bang_Theory,2023121500,10829
3090,The_Big_Bang_Theory,2023121600,11557
3091,The_Big_Bang_Theory,2023121700,11378
3092,The_Big_Bang_Theory,2023121800,12705
3093,The_Big_Bang_Theory,2023121900,12104
3094,The_Big_Bang_Theory,2023122000,11408
3095,The_Big_Bang_Theory,2023122100,11003
3096,The_Big_Bang_Theory,2023122200,10922
3097,The_Big_Bang_Theory,2023122300,10675
3098,The_Big_Bang_Theory,2023122400,11074
3099,The_Big_Bang_Theory,2023122500,10887
3100,The_Big_Bang_Theory,2023122600,11591
3101,The_Big_Bang_Theory,2023122700,13055
3102,The_Big_Bang_Theory,2023122800,12521
3103,The_Big_Bang_Theory,2023122900,13297
3104,The_Big_Bang_Theory,2023123000,12765
3105,The_Big_Bang_Theory,2023123100,11391
3106,The_Big_Bang_Theory,2024010100,12416
3107,The_Big_Bang_Theory,2024010200,13144
3108,The_Big_Bang_Theory,2024010300,12901
3109,The_Big_Bang_Theory,2024010400,12886
3110,The_Big_Bang_Theory,2024010500,13189
3111,The_Big_Bang_Theory,2024010600,12962
3112,The_Big_Bang_Theory,2024010700,13250
3113,The_Big_Bang_Theory,2024010800,13445
3114,The_Big_Bang_Theory,2024010900,13038
3115,The_Big_Bang_Theory,2024011000,13203
3116,The_Big_Bang_Theory,2024011100,12085
3117,The_Big_Bang_Theory,2024011200,13797
3118,The_Big_Bang_Theory,2024011300,14937
3119,The_Big_Bang_Theory,2024011400,14098
3120,The_Big_Bang_Theory,2024011500,13345
3121,The_Big_Bang_Theory,2024011600,12550
3122,The_Big_Bang_Theory,2024011700,12725
3123,The_Big_Bang_Theory,2024011800,12132
3124,The_Big_Bang_Theory,2024011900,12942
3125,The_Big_Bang_Theory,2024012000,13705
3126,The_Big_Bang_Theory,2024012100,13427
3127,The_Big_Bang_Theory,2024012200,11945
3128,The_Big_Bang_Theory,2024012300,12721
3129,The_Big_Bang_Theory,2024012400,12301
3130,The_Big_Bang_Theory,2024012500,12176
3131,The_Big_Bang_Theory,2024012600,11880
3132,The_Big_Bang_Theory,2024012700,12273
3133,The_Big_Bang_Theory,2024012800,13682
3134,The_Big_Bang_Theory,2024012900,12251
3135,The_Big_Bang_Theory,2024013000,12646
3136,The_Big_Bang_Theory,2024013100,12754
